0 0.5084134615384616 0.057692307692307696 0.14423076923076922 0.03365384615384615
0 0.17908653846153846 0.25841346153846156 0.0889423076923077 0.02403846153846154
0 0.1045673076923077 0.6706730769230769 0.09375 0.02403846153846154
0 0.18509615384615385 0.7848557692307693 0.08653846153846154 0.028846153846153848
0 0.41947115384615385 0.640625 0.10576923076923077 0.028846153846153848
0 0.7367788461538461 0.8233173076923077 0.125 0.038461538461538464
0 0.49158653846153844 0.8641826923076923 0.10576923076923077 0.03365384615384615
0 0.4110576923076923 0.9194711538461539 0.10576923076923077 0.036057692307692304
0 0.36177884615384615 0.9867788461538461 0.0985576923076923 0.026442307692307692
0 0.42427884615384615 0.5384615384615384 0.0889423076923077 0.038461538461538464
0 0.3329326923076923 0.5300480769230769 0.10096153846153846 0.028846153846153848
0 0.35216346153846156 0.4963942307692308 0.0889423076923077 0.028846153846153848
1 0.484375 0.9711538461538461 0.1201923076923077 0.03365384615384615
2 0.4639423076923077 0.3161057692307692 0.036057692307692304 0.02403846153846154