0 0.3076923076923077 0.7271634615384616 0.052884615384615384 0.125
0 0.31850961538461536 0.5673076923076923 0.05048076923076923 0.11538461538461539
0 0.28846153846153844 0.9459134615384616 0.04567307692307692 0.10576923076923077
0 0.46634615384615385 0.5048076923076923 0.03365384615384615 0.10576923076923077
0 0.4411057692307692 0.39783653846153844 0.04807692307692308 0.0985576923076923
0 0.5084134615384616 0.31009615384615385 0.03365384615384615 0.10096153846153846
0 0.6129807692307693 0.17908653846153846 0.03365384615384615 0.0889423076923077
0 0.5625 0.43990384615384615 0.028846153846153848 0.09375
0 0.7331730769230769 0.4795673076923077 0.038461538461538464 0.10096153846153846
0 0.8377403846153846 0.5985576923076923 0.04326923076923077 0.10576923076923077
0 0.9326923076923077 0.8834134615384616 0.055288461538461536 0.16105769230769232
0 0.8822115384615384 0.453125 0.03365384615384615 0.10096153846153846
0 0.9158653846153846 0.2704326923076923 0.028846153846153848 0.08653846153846154
1 0.6754807692307693 0.5228365384615384 0.038461538461538464 0.11538461538461539