0 0.7271634615384616 0.8040865384615384 0.037259615384615384 0.15144230769230768
0 0.9014423076923077 0.71875 0.03485576923076923 0.15144230769230768
0 0.8978365384615384 0.4579326923076923 0.03245192307692308 0.12980769230769232
0 0.7800480769230769 0.29927884615384615 0.03245192307692308 0.11658653846153846
0 0.7283653846153846 0.5264423076923077 0.030048076923076924 0.13341346153846154
0 0.515625 0.5889423076923077 0.025240384615384616 0.11658653846153846
0 0.49278846153846156 0.5889423076923077 0.025240384615384616 0.125
0 0.47716346153846156 0.49278846153846156 0.030048076923076924 0.10216346153846154
0 0.5180288461538461 0.45072115384615385 0.020432692307692308 0.0985576923076923
0 0.6237980769230769 0.4579326923076923 0.027644230769230768 0.11177884615384616
0 0.5649038461538461 0.40865384615384615 0.025240384615384616 0.09375
0 0.5372596153846154 0.4266826923076923 0.020432692307692308 0.10216346153846154
0 0.6129807692307693 0.38341346153846156 0.030048076923076924 0.0889423076923077
0 0.5829326923076923 0.38221153846153844 0.020432692307692308 0.10216346153846154
0 0.5372596153846154 0.36177884615384615 0.020432692307692308 0.054086538461538464
0 0.6370192307692307 0.3641826923076923 0.02283653846153846 0.09375
0 0.6766826923076923 0.3329326923076923 0.027644230769230768 0.10216346153846154
0 0.08413461538461539 0.3798076923076923 0.04326923076923077 0.10697115384615384
1 0.6646634615384616 0.5805288461538461 0.03245192307692308 0.13341346153846154
2 0.7475961538461539 0.7788461538461539 0.018028846153846152 0.03125