0 0.45072115384615385 0.953125 0.14423076923076922 0.03365384615384615
0 0.37259615384615385 0.7620192307692307 0.1201923076923077 0.03365384615384615
0 0.515625 0.7259615384615384 0.14903846153846154 0.03365384615384615
0 0.6610576923076923 0.7307692307692307 0.14423076923076922 0.03365384615384615
0 0.7896634615384616 0.6045673076923077 0.15144230769230768 0.03365384615384615
0 0.5853365384615384 0.5324519230769231 0.14423076923076922 0.04567307692307692
0 0.38822115384615385 0.44711538461538464 0.125 0.028846153846153848
0 0.31009615384615385 0.3125 0.10096153846153846 0.03365384615384615
0 0.390625 0.0829326923076923 0.14903846153846154 0.03365384615384615
0 0.7944711538461539 0.08413461538461539 0.16105769230769232 0.04326923076923077
0 0.6634615384615384 0.4014423076923077 0.14903846153846154 0.03365384615384615
0 0.4579326923076923 0.3918269230769231 0.12980769230769232 0.038461538461538464
0 0.4579326923076923 0.3605769230769231 0.11057692307692307 0.03365384615384615
1 0.5576923076923077 0.8329326923076923 0.14423076923076922 0.03365384615384615
2 0.34615384615384615 0.38100961538461536 0.02403846153846154 0.019230769230769232