0 0.3173076923076923 0.42788461538461536 0.15144230769230768 0.04807692307692308
0 0.390625 0.27884615384615385 0.14903846153846154 0.04567307692307692
0 0.6670673076923077 0.33533653846153844 0.12980769230769232 0.04807692307692308
0 0.6009615384615384 0.7019230769230769 0.12980769230769232 0.04326923076923077
0 0.7391826923076923 0.23918269230769232 0.1201923076923077 0.03365384615384615
0 0.8209134615384616 0.21875 0.10576923076923077 0.028846153846153848
0 0.7860576923076923 0.15144230769230768 0.0985576923076923 0.028846153846153848
0 0.65625 0.12139423076923077 0.125 0.038461538461538464
0 0.671875 0.02283653846153846 0.10096153846153846 0.028846153846153848
1 0.5949519230769231 0.008413461538461538 0.11778846153846154 0.016826923076923076
2 0.5384615384615384 0.7740384615384616 0.038461538461538464 0.02403846153846154