0 0.28966346153846156 0.8990384615384616 0.10576923076923077 0.038461538461538464
0 0.1875 0.8461538461538461 0.0985576923076923 0.036057692307692304
0 0.20793269230769232 0.4951923076923077 0.11057692307692307 0.03365384615384615
0 0.36658653846153844 0.5552884615384616 0.11538461538461539 0.038461538461538464
0 0.5649038461538461 0.7007211538461539 0.13942307692307693 0.03365384615384615
0 0.5913461538461539 0.6622596153846154 0.10096153846153846 0.028846153846153848
0 0.6177884615384616 0.6213942307692307 0.1201923076923077 0.04807692307692308
0 0.6983173076923077 0.4206730769230769 0.1201923076923077 0.04807692307692308
0 0.3329326923076923 0.25721153846153844 0.11057692307692307 0.03365384615384615
0 0.25721153846153844 0.1658653846153846 0.10096153846153846 0.03365384615384615
0 0.5805288461538461 0.037259615384615384 0.14423076923076922 0.04567307692307692
1 0.39302884615384615 0.7463942307692307 0.125 0.028846153846153848
2 0.6334134615384616 0.4266826923076923 0.036057692307692304 0.019230769230769232