0 0.0889423076923077 0.38822115384615385 0.04807692307692308 0.125
0 0.02283653846153846 0.9375 0.04567307692307692 0.125
0 0.31850961538461536 0.578125 0.05048076923076923 0.12980769230769232
0 0.26322115384615385 0.5 0.025240384615384616 0.13341346153846154
0 0.2824519230769231 0.45552884615384615 0.027644230769230768 0.08052884615384616
0 0.34975961538461536 0.4170673076923077 0.030048076923076924 0.12980769230769232
0 0.5300480769230769 0.390625 0.030048076923076924 0.0673076923076923
0 0.5288461538461539 0.484375 0.027644230769230768 0.12980769230769232
0 0.5540865384615384 0.49759615384615385 0.027644230769230768 0.10216346153846154
0 0.4879807692307692 0.7259615384615384 0.039663461538461536 0.15625
0 0.7548076923076923 0.5288461538461539 0.037259615384615384 0.12980769230769232
0 0.9110576923076923 0.7079326923076923 0.04807692307692308 0.13822115384615385
0 0.9471153846153846 0.5204326923076923 0.05048076923076923 0.13822115384615385
0 0.8413461538461539 0.4579326923076923 0.04567307692307692 0.11177884615384616
0 0.8677884615384616 0.38341346153846156 0.03245192307692308 0.11658653846153846
0 0.8125 0.36778846153846156 0.04326923076923077 0.10216346153846154
1 0.46274038461538464 0.5552884615384616 0.03485576923076923 0.12980769230769232
2 0.6730769230769231 0.3389423076923077 0.025240384615384616 0.036057692307692304