0 0.6262019230769231 0.7139423076923077 0.04567307692307692 0.15144230769230768
0 0.4074519230769231 0.6899038461538461 0.05048076923076923 0.14783653846153846
0 0.13701923076923078 0.5709134615384616 0.03245192307692308 0.13341346153846154
0 0.07211538461538461 0.3954326923076923 0.03245192307692308 0.1201923076923077
0 0.17067307692307693 0.4423076923076923 0.04567307692307692 0.11658653846153846
0 0.24759615384615385 0.45072115384615385 0.03245192307692308 0.10697115384615384
0 0.33413461538461536 0.38822115384615385 0.030048076923076924 0.10697115384615384
0 0.3762019230769231 0.453125 0.037259615384615384 0.11177884615384616
0 0.4723557692307692 0.37740384615384615 0.030048076923076924 0.1201923076923077
0 0.6021634615384616 0.44471153846153844 0.027644230769230768 0.13822115384615385
0 0.6334134615384616 0.4423076923076923 0.03485576923076923 0.125
0 0.734375 0.4110576923076923 0.037259615384615384 0.10697115384615384
0 0.7139423076923077 0.49759615384615385 0.03485576923076923 0.13822115384615385
1 0.23677884615384615 0.5552884615384616 0.03485576923076923 0.13822115384615385