0 0.9423076923076923 0.5084134615384616 0.03485576923076923 0.14302884615384615
0 0.7415865384615384 0.17908653846153846 0.025240384615384616 0.0889423076923077
0 0.3293269230769231 0.1045673076923077 0.025240384615384616 0.09375
0 0.21514423076923078 0.18509615384615385 0.027644230769230768 0.08533653846153846
0 0.359375 0.41947115384615385 0.030048076923076924 0.10697115384615384
0 0.17668269230769232 0.7367788461538461 0.037259615384615384 0.125
0 0.13581730769230768 0.49158653846153844 0.03485576923076923 0.10697115384615384
0 0.08052884615384616 0.4110576923076923 0.03485576923076923 0.10697115384615384
0 0.013221153846153846 0.36177884615384615 0.026442307692307692 0.0985576923076923
0 0.46153846153846156 0.42427884615384615 0.037259615384615384 0.0889423076923077
0 0.4699519230769231 0.3329326923076923 0.030048076923076924 0.10216346153846154
0 0.5036057692307693 0.35216346153846156 0.027644230769230768 0.0889423076923077
1 0.028846153846153848 0.484375 0.03245192307692308 0.1201923076923077
2 0.6838942307692307 0.4639423076923077 0.025240384615384616 0.036057692307692304