0 0.18509615384615385 0.7944711538461539 0.09375 0.026442307692307692
0 0.2920673076923077 0.9362980769230769 0.10096153846153846 0.028846153846153848
0 0.38221153846153844 0.9819711538461539 0.11057692307692307 0.03125
0 0.453125 0.921875 0.11057692307692307 0.036057692307692304
0 0.75 0.8377403846153846 0.15144230769230768 0.04326923076923077
0 0.5625 0.7295673076923077 0.125 0.03365384615384615
0 0.4014423076923077 0.5877403846153846 0.11538461538461539 0.028846153846153848
0 0.46033653846153844 0.5504807692307693 0.11538461538461539 0.028846153846153848
0 0.6586538461538461 0.5480769230769231 0.12980769230769232 0.03365384615384615
0 0.9459134615384616 0.5865384615384616 0.10576923076923077 0.038461538461538464
0 0.3798076923076923 0.3173076923076923 0.10576923076923077 0.03365384615384615
0 0.5865384615384616 0.28725961538461536 0.13942307692307693 0.04807692307692308
0 0.546875 0.2091346153846154 0.1201923076923077 0.03365384615384615
1 0.6021634615384616 0.9411057692307693 0.1346153846153846 0.03365384615384615
2 0.40865384615384615 0.34375 0.03125 0.014423076923076924