0 0.20673076923076922 0.375 0.037259615384615384 0.13341346153846154
0 0.16346153846153846 0.4891826923076923 0.04567307692307692 0.14783653846153846
0 0.06370192307692307 0.6826923076923077 0.04326923076923077 0.15144230769230768
0 0.38221153846153844 0.40384615384615385 0.03485576923076923 0.12980769230769232
0 0.32572115384615385 0.8233173076923077 0.04807692307692308 0.15625
0 0.44711538461538464 0.2548076923076923 0.030048076923076924 0.10697115384615384
0 0.5 0.45072115384615385 0.04567307692307692 0.125
0 0.49278846153846156 0.28125 0.030048076923076924 0.0985576923076923
0 0.5348557692307693 0.2608173076923077 0.030048076923076924 0.10216346153846154
0 0.7043269230769231 0.25240384615384615 0.037259615384615384 0.09375
0 0.5805288461538461 0.4423076923076923 0.025240384615384616 0.08052884615384616
0 0.6009615384615384 0.5288461538461539 0.04567307692307692 0.1201923076923077
0 0.9675480769230769 0.84375 0.05048076923076923 0.16947115384615385
0 0.9747596153846154 0.25841346153846156 0.030048076923076924 0.11658653846153846
0 0.8954326923076923 0.27403846153846156 0.04326923076923077 0.10216346153846154
0 0.8846153846153846 0.41466346153846156 0.030048076923076924 0.125
0 0.8605769230769231 0.4375 0.027644230769230768 0.11658653846153846
1 0.7163461538461539 0.4891826923076923 0.039663461538461536 0.12980769230769232
2 0.5300480769230769 0.2860576923076923 0.015625 0.026442307692307692