0 0.08413461538461539 0.6742788461538461 0.0625 0.16105769230769232
0 0.36177884615384615 0.6430288461538461 0.04567307692307692 0.125
0 0.4362980769230769 0.3389423076923077 0.038461538461538464 0.11538461538461539
0 0.5300480769230769 0.33653846153846156 0.038461538461538464 0.1201923076923077
0 0.6057692307692307 0.25240384615384615 0.04567307692307692 0.10096153846153846
0 0.5997596153846154 0.484375 0.038461538461538464 0.1201923076923077
0 0.40384615384615385 0.640625 0.04807692307692308 0.1201923076923077
0 0.6310096153846154 0.6923076923076923 0.04567307692307692 0.15144230769230768
0 0.7379807692307693 0.7139423076923077 0.04326923076923077 0.16105769230769232
1 0.8918269230769231 0.6069711538461539 0.05048076923076923 0.15144230769230768
2 0.4375 0.6670673076923077 0.019230769230769232 0.03125