0 0.6838942307692307 0.9278846153846154 0.05048076923076923 0.14423076923076922
0 0.39663461538461536 0.6875 0.05048076923076923 0.15144230769230768
0 0.09495192307692307 0.7211538461538461 0.05048076923076923 0.13822115384615385
0 0.025240384615384616 0.47716346153846156 0.03485576923076923 0.14302884615384615
0 0.040865384615384616 0.3641826923076923 0.037259615384615384 0.1201923076923077
0 0.13701923076923078 0.39302884615384615 0.04326923076923077 0.125
0 0.16947115384615385 0.265625 0.027644230769230768 0.1201923076923077
0 0.19110576923076922 0.29927884615384615 0.030048076923076924 0.13341346153846154
0 0.38341346153846156 0.33653846153846156 0.03245192307692308 0.1201923076923077
0 0.44350961538461536 0.43509615384615385 0.037259615384615384 0.12980769230769232
0 0.5384615384615384 0.34375 0.03245192307692308 0.11658653846153846
0 0.6658653846153846 0.31971153846153844 0.030048076923076924 0.11177884615384616
0 0.7139423076923077 0.30528846153846156 0.030048076923076924 0.10216346153846154
0 0.9266826923076923 0.33533653846153844 0.03485576923076923 0.11658653846153846
0 0.6923076923076923 0.21875 0.03245192307692308 0.0889423076923077
0 0.6550480769230769 0.24278846153846154 0.027644230769230768 0.07572115384615384
0 0.5793269230769231 0.28966346153846156 0.03245192307692308 0.11658653846153846
1 0.7115384615384616 0.41947115384615385 0.039663461538461536 0.13341346153846154
2 0.5805288461538461 0.328125 0.015625 0.03125