0 0.4639423076923077 0.7235576923076923 0.0985576923076923 0.028846153846153848
0 0.3954326923076923 0.9819711538461539 0.09375 0.036057692307692304
0 0.28125 0.9471153846153846 0.0889423076923077 0.026442307692307692
0 0.39302884615384615 0.7668269230769231 0.0889423076923077 0.02403846153846154
0 0.6923076923076923 0.6442307692307693 0.1346153846153846 0.028846153846153848
0 0.7896634615384616 0.2692307692307692 0.125 0.03365384615384615
0 0.4795673076923077 0.453125 0.11057692307692307 0.038461538461538464
0 0.6610576923076923 0.6730769230769231 0.10576923076923077 0.03365384615384615
0 0.39783653846153844 0.5769230769230769 0.10576923076923077 0.028846153846153848
0 0.19831730769230768 0.6682692307692307 0.07692307692307693 0.028846153846153848
0 0.22956730769230768 0.6262019230769231 0.07692307692307693 0.028846153846153848
0 0.3329326923076923 0.4891826923076923 0.08653846153846154 0.028846153846153848
0 0.17908653846153846 0.3112980769230769 0.07211538461538461 0.02403846153846154
0 0.3641826923076923 0.21153846153846154 0.10096153846153846 0.02403846153846154
0 0.47115384615384615 0.22235576923076922 0.11057692307692307 0.02403846153846154
0 0.24759615384615385 0.03365384615384615 0.10096153846153846 0.02403846153846154
0 0.4110576923076923 0.7524038461538461 0.08173076923076923 0.028846153846153848
1 0.49158653846153844 0.6189903846153846 0.10576923076923077 0.028846153846153848
2 0.421875 0.4098557692307692 0.03125 0.019230769230769232