0 0.6826923076923077 0.5721153846153846 0.15144230769230768 0.04807692307692308
0 0.609375 0.7211538461538461 0.14903846153846154 0.04567307692307692
0 0.3329326923076923 0.6646634615384616 0.12980769230769232 0.04807692307692308
0 0.39903846153846156 0.2980769230769231 0.12980769230769232 0.04326923076923077
0 0.2608173076923077 0.7608173076923077 0.1201923076923077 0.036057692307692304
0 0.17908653846153846 0.78125 0.10576923076923077 0.03125
0 0.21394230769230768 0.8485576923076923 0.0985576923076923 0.028846153846153848
0 0.34375 0.8786057692307693 0.125 0.038461538461538464
0 0.328125 0.9771634615384616 0.10096153846153846 0.03125
1 0.4050480769230769 0.9915865384615384 0.11778846153846154 0.016826923076923076
2 0.46153846153846156 0.22596153846153846 0.038461538461538464 0.02403846153846154