0 0.33052884615384615 0.07451923076923077 0.1875 0.04807692307692308
0 0.640625 0.3894230769230769 0.11057692307692307 0.03365384615384615
0 0.6646634615384616 0.48677884615384615 0.11538461538461539 0.03365384615384615
0 0.7115384615384616 0.5204326923076923 0.1201923076923077 0.03365384615384615
0 0.49759615384615385 0.5516826923076923 0.14903846153846154 0.038461538461538464
0 0.3858173076923077 0.39783653846153844 0.10096153846153846 0.038461538461538464
0 0.3076923076923077 0.4074519230769231 0.0625 0.05048076923076923
0 0.31490384615384615 0.5661057692307693 0.14903846153846154 0.0625
0 0.26802884615384615 0.7271634615384616 0.16826923076923078 0.04326923076923077
1 0.36658653846153844 0.8317307692307693 0.14423076923076922 0.04567307692307692
2 0.32572115384615385 0.453125 0.036057692307692304 0.02403846153846154