0 0.15504807692307693 0.18509615384615385 0.03365384615384615 0.08653846153846154
0 0.021634615384615384 0.29447115384615385 0.028846153846153848 0.10576923076923077
0 0.04807692307692308 0.48677884615384615 0.038461538461538464 0.125
0 0.16105769230769232 0.765625 0.04567307692307692 0.16346153846153846
0 0.22115384615384615 0.5865384615384616 0.038461538461538464 0.12980769230769232
0 0.40024038461538464 0.3858173076923077 0.03365384615384615 0.1201923076923077
0 0.43149038461538464 0.47596153846153844 0.038461538461538464 0.1201923076923077
0 0.4266826923076923 0.6826923076923077 0.038461538461538464 0.15144230769230768
0 0.42908653846153844 0.9375 0.038461538461538464 0.125
0 0.7223557692307693 0.5865384615384616 0.04807692307692308 0.14903846153846154
0 0.7908653846153846 0.5697115384615384 0.038461538461538464 0.14903846153846154
0 0.6766826923076923 0.38221153846153844 0.038461538461538464 0.11057692307692307
1 0.020432692307692308 0.6165865384615384 0.028846153846153848 0.1346153846153846
2 0.6658653846153846 0.421875 0.019230769230769232 0.03125