0 0.7920673076923077 0.3004807692307692 0.08653846153846154 0.03365384615384615
0 0.8677884615384616 0.43509615384615385 0.08653846153846154 0.02403846153846154
0 0.7860576923076923 0.8353365384615384 0.10576923076923077 0.028846153846153848
0 0.65625 0.5264423076923077 0.0985576923076923 0.028846153846153848
0 0.5360576923076923 0.49038461538461536 0.11538461538461539 0.03365384615384615
0 0.5084134615384616 0.20192307692307693 0.11538461538461539 0.03365384615384615
0 0.2704326923076923 0.22956730769230768 0.12980769230769232 0.038461538461538464
0 0.5805288461538461 0.14423076923076922 0.0985576923076923 0.03365384615384615
0 0.6177884615384616 0.12860576923076922 0.10096153846153846 0.02403846153846154
0 0.5540865384615384 0.5324519230769231 0.10576923076923077 0.028846153846153848
0 0.6322115384615384 0.6069711538461539 0.08653846153846154 0.028846153846153848
1 0.4951923076923077 0.11658653846153846 0.11538461538461539 0.03365384615384615
2 0.5853365384615384 0.6189903846153846 0.026442307692307692 0.019230769230769232