0 0.7872596153846154 0.9879807692307693 0.1658653846153846 0.02403846153846154
0 0.44591346153846156 0.9615384615384616 0.125 0.04807692307692308
0 0.30408653846153844 0.8737980769230769 0.10576923076923077 0.04567307692307692
0 0.328125 0.7596153846153846 0.09375 0.03365384615384615
0 0.4014423076923077 0.734375 0.11538461538461539 0.03365384615384615
0 0.375 0.6923076923076923 0.10576923076923077 0.028846153846153848
0 0.39783653846153844 0.6730769230769231 0.10576923076923077 0.02403846153846154
0 0.328125 0.5540865384615384 0.10096153846153846 0.03365384615384615
0 0.4891826923076923 0.5048076923076923 0.12980769230769232 0.028846153846153848
0 0.375 0.49038461538461536 0.052884615384615384 0.019230769230769232
0 0.32091346153846156 0.3629807692307692 0.125 0.028846153846153848
0 0.22716346153846154 0.3629807692307692 0.0985576923076923 0.03365384615384615
0 0.28125 0.21995192307692307 0.10576923076923077 0.028846153846153848
0 0.3545673076923077 0.20673076923076922 0.11057692307692307 0.019230769230769232
0 0.3858173076923077 0.1971153846153846 0.11057692307692307 0.02403846153846154
0 0.4375 0.16947115384615385 0.1346153846153846 0.03365384615384615
0 0.6430288461538461 0.30408653846153844 0.1346153846153846 0.03365384615384615
1 0.4375 0.484375 0.10576923076923077 0.028846153846153848
2 0.2920673076923077 0.6502403846153846 0.03125 0.019230769230769232