0 0.7043269230769231 0.671875 0.037259615384615384 0.14783653846153846
0 0.8100961538461539 0.46033653846153844 0.037259615384615384 0.14302884615384615
0 0.7451923076923077 0.28125 0.03245192307692308 0.10697115384615384
0 0.6141826923076923 0.24519230769230768 0.03245192307692308 0.0985576923076923
0 0.6550480769230769 0.3545673076923077 0.03245192307692308 0.12980769230769232
0 0.018028846153846152 0.8016826923076923 0.03485576923076923 0.16466346153846154
0 0.07451923076923077 0.4579326923076923 0.037259615384615384 0.1201923076923077
0 0.1346153846153846 0.32091346153846156 0.04807692307692308 0.0985576923076923
0 0.24519230769230768 0.33052884615384615 0.03245192307692308 0.10697115384615384
0 0.24639423076923078 0.4170673076923077 0.03485576923076923 0.11177884615384616
0 0.29447115384615385 0.38221153846153844 0.030048076923076924 0.11177884615384616
0 0.3329326923076923 0.4110576923076923 0.03245192307692308 0.11658653846153846
0 0.3942307692307692 0.3389423076923077 0.030048076923076924 0.10697115384615384
0 0.46634615384615385 0.5024038461538461 0.04326923076923077 0.1201923076923077
0 0.49759615384615385 0.4110576923076923 0.030048076923076924 0.11658653846153846
0 0.7728365384615384 0.3485576923076923 0.02283653846153846 0.08052884615384616
0 0.7728365384615384 0.4266826923076923 0.03245192307692308 0.09375
1 0.5132211538461539 0.4579326923076923 0.03245192307692308 0.1201923076923077
2 0.36177884615384615 0.37740384615384615 0.015625 0.03125