0 0.20072115384615385 0.32091346153846156 0.028846153846153848 0.11538461538461539
0 0.16706730769230768 0.5420673076923077 0.038461538461538464 0.12980769230769232
0 0.2764423076923077 0.6646634615384616 0.038461538461538464 0.15144230769230768
0 0.3713942307692308 0.734375 0.038461538461538464 0.12980769230769232
0 0.41466346153846156 0.5733173076923077 0.03365384615384615 0.13942307692307693
0 0.4879807692307692 0.37259615384615385 0.03365384615384615 0.1201923076923077
0 0.6237980769230769 0.3233173076923077 0.038461538461538464 0.1201923076923077
0 0.7848557692307693 0.36778846153846156 0.038461538461538464 0.1201923076923077
0 0.7692307692307693 0.49759615384615385 0.038461538461538464 0.1201923076923077
0 0.609375 0.515625 0.03365384615384615 0.12980769230769232
0 0.6129807692307693 0.6899038461538461 0.04567307692307692 0.14903846153846154
0 0.8497596153846154 0.7139423076923077 0.04567307692307692 0.14423076923076922
1 0.06850961538461539 0.5204326923076923 0.038461538461538464 0.13942307692307693
2 0.6057692307692307 0.40625 0.019230769230769232 0.036057692307692304