0 0.2764423076923077 0.4639423076923077 0.028846153846153848 0.0985576923076923
0 0.018028846153846152 0.3954326923076923 0.03365384615384615 0.09375
0 0.052884615384615384 0.28125 0.02403846153846154 0.0889423076923077
0 0.23317307692307693 0.39302884615384615 0.02403846153846154 0.0889423076923077
0 0.3557692307692308 0.6923076923076923 0.028846153846153848 0.1346153846153846
0 0.7307692307692307 0.7896634615384616 0.03365384615384615 0.125
0 0.546875 0.4795673076923077 0.038461538461538464 0.11057692307692307
0 0.3269230769230769 0.6610576923076923 0.03365384615384615 0.10576923076923077
0 0.4230769230769231 0.39783653846153844 0.028846153846153848 0.10576923076923077
0 0.3317307692307692 0.19831730769230768 0.028846153846153848 0.07692307692307693
0 0.3737980769230769 0.22956730769230768 0.028846153846153848 0.07692307692307693
0 0.5108173076923077 0.3329326923076923 0.028846153846153848 0.08653846153846154
0 0.6887019230769231 0.17908653846153846 0.02403846153846154 0.07211538461538461
0 0.7884615384615384 0.3641826923076923 0.02403846153846154 0.10096153846153846
0 0.7776442307692307 0.47115384615384615 0.02403846153846154 0.11057692307692307
0 0.9663461538461539 0.24759615384615385 0.02403846153846154 0.10096153846153846
0 0.24759615384615385 0.4110576923076923 0.028846153846153848 0.08173076923076923
1 0.38100961538461536 0.49158653846153844 0.028846153846153848 0.10576923076923077
2 0.5901442307692307 0.421875 0.019230769230769232 0.03125