0 0.5048076923076923 0.9134615384615384 0.1346153846153846 0.04326923076923077
0 0.22115384615384615 0.7271634615384616 0.11057692307692307 0.03365384615384615
0 0.30528846153846156 0.5564903846153846 0.12980769230769232 0.038461538461538464
0 0.6165865384615384 0.7451923076923077 0.125 0.04807692307692308
0 0.7211538461538461 0.7403846153846154 0.1201923076923077 0.052884615384615384
0 0.5228365384615384 0.6394230769230769 0.125 0.04807692307692308
0 0.28846153846153844 0.49158653846153844 0.11057692307692307 0.04326923076923077
0 0.34134615384615385 0.35336538461538464 0.11057692307692307 0.028846153846153848
0 0.515625 0.24879807692307693 0.12980769230769232 0.05048076923076923
0 0.6670673076923077 0.25600961538461536 0.14903846153846154 0.04567307692307692
0 0.6875 0.10697115384615384 0.1346153846153846 0.0625
0 0.5540865384615384 0.0985576923076923 0.125 0.05048076923076923
2 0.0985576923076923 0.5961538461538461 0.036057692307692304 0.02403846153846154