0 0.5072115384615384 0.15625 0.13942307692307693 0.038461538461538464
0 0.3016826923076923 0.078125 0.14903846153846154 0.038461538461538464
0 0.17908653846153846 0.328125 0.15144230769230768 0.038461538461538464
0 0.6225961538461539 0.19951923076923078 0.12980769230769232 0.03365384615384615
0 0.5889423076923077 0.35697115384615385 0.125 0.03365384615384615
0 0.7259615384615384 0.4362980769230769 0.11057692307692307 0.028846153846153848
0 0.5492788461538461 0.5120192307692307 0.11538461538461539 0.03365384615384615
0 0.4735576923076923 0.6177884615384616 0.125 0.03365384615384615
0 0.5492788461538461 0.5997596153846154 0.0985576923076923 0.028846153846153848
0 0.7007211538461539 0.5012019230769231 0.0985576923076923 0.03365384615384615
0 0.7451923076923077 0.671875 0.10576923076923077 0.03365384615384615
0 0.7211538461538461 0.9038461538461539 0.09375 0.03365384615384615
0 0.7319711538461539 0.9795673076923077 0.11538461538461539 0.03125
0 0.5673076923076923 0.90625 0.10576923076923077 0.038461538461538464
0 0.5829326923076923 0.8461538461538461 0.12980769230769232 0.036057692307692304
0 0.18028846153846154 0.9735576923076923 0.16346153846153846 0.052884615384615384
0 0.734375 0.5432692307692307 0.10096153846153846 0.02403846153846154
1 0.5084134615384616 0.7331730769230769 0.1346153846153846 0.04567307692307692
2 0.6983173076923077 0.5300480769230769 0.02403846153846154 0.014423076923076924