0 0.8149038461538461 0.15504807692307693 0.08653846153846154 0.03365384615384615
0 0.7055288461538461 0.021634615384615384 0.10576923076923077 0.028846153846153848
0 0.5132211538461539 0.04807692307692308 0.125 0.038461538461538464
0 0.234375 0.16105769230769232 0.16346153846153846 0.04567307692307692
0 0.41346153846153844 0.22115384615384615 0.12980769230769232 0.038461538461538464
0 0.6141826923076923 0.40024038461538464 0.1201923076923077 0.03365384615384615
0 0.5240384615384616 0.43149038461538464 0.1201923076923077 0.038461538461538464
0 0.3173076923076923 0.4266826923076923 0.15144230769230768 0.038461538461538464
0 0.0625 0.42908653846153844 0.125 0.038461538461538464
0 0.41346153846153844 0.7223557692307693 0.14903846153846154 0.04807692307692308
0 0.43028846153846156 0.7908653846153846 0.14903846153846154 0.038461538461538464
0 0.6177884615384616 0.6766826923076923 0.11057692307692307 0.038461538461538464
1 0.38341346153846156 0.020432692307692308 0.1346153846153846 0.028846153846153848
2 0.578125 0.6658653846153846 0.03125 0.019230769230769232