0 0.78125 0.5853365384615384 0.03485576923076923 0.13341346153846154
0 0.7259615384615384 0.5865384615384616 0.03485576923076923 0.12980769230769232
0 0.4519230769230769 0.9459134615384616 0.039663461538461536 0.10697115384615384
0 0.39783653846153844 0.7079326923076923 0.037259615384615384 0.12980769230769232
0 0.1658653846153846 0.7704326923076923 0.039663461538461536 0.15625
0 0.15985576923076922 0.6141826923076923 0.04326923076923077 0.1201923076923077
0 0.39903846153846156 0.48197115384615385 0.03485576923076923 0.125
0 0.39783653846153844 0.37259615384615385 0.03245192307692308 0.09375
0 0.10576923076923077 0.18269230769230768 0.030048076923076924 0.08052884615384616
0 0.6682692307692307 0.36778846153846156 0.039663461538461536 0.1201923076923077
2 0.6538461538461539 0.41346153846153844 0.015625 0.02283653846153846