0 0.9507211538461539 0.9038461538461539 0.052884615384615384 0.18269230769230768
0 0.9471153846153846 0.44591346153846156 0.039663461538461536 0.13341346153846154
0 0.9831730769230769 0.26322115384615385 0.027644230769230768 0.0985576923076923
0 0.8485576923076923 0.29927884615384615 0.027644230769230768 0.10697115384615384
0 0.7860576923076923 0.45072115384615385 0.039663461538461536 0.125
0 0.296875 0.8641826923076923 0.039663461538461536 0.15625
0 0.03485576923076923 0.6875 0.05048076923076923 0.15144230769230768
0 0.17427884615384615 0.49759615384615385 0.04807692307692308 0.13822115384615385
0 0.2704326923076923 0.37259615384615385 0.037259615384615384 0.12980769230769232
0 0.4639423076923077 0.38221153846153844 0.027644230769230768 0.1201923076923077
0 0.49038461538461536 0.46153846153846156 0.030048076923076924 0.13822115384615385
0 0.5480769230769231 0.5552884615384616 0.03485576923076923 0.11177884615384616
0 0.5348557692307693 0.4735576923076923 0.025240384615384616 0.0889423076923077
0 0.5096153846153846 0.3076923076923077 0.030048076923076924 0.08052884615384616
0 0.49759615384615385 0.26802884615384615 0.025240384615384616 0.07091346153846154
0 0.5769230769230769 0.26802884615384615 0.027644230769230768 0.0889423076923077
0 0.7271634615384616 0.29927884615384615 0.037259615384615384 0.10697115384615384
1 0.6935096153846154 0.5132211538461539 0.04567307692307692 0.125
2 0.5805288461538461 0.29927884615384615 0.015625 0.026442307692307692