0 0.056490384615384616 0.18509615384615385 0.03365384615384615 0.09375
0 0.10697115384615384 0.6322115384615384 0.04326923076923077 0.12980769230769232
0 0.16826923076923078 0.7680288461538461 0.038461538461538464 0.15144230769230768
0 0.3713942307692308 0.33653846153846156 0.028846153846153848 0.09375
0 0.35697115384615385 0.49158653846153844 0.03365384615384615 0.125
0 0.3605769230769231 0.7139423076923077 0.04326923076923077 0.14423076923076922
0 0.47115384615384615 0.9350961538461539 0.038461538461538464 0.12980769230769232
0 0.6730769230769231 0.34375 0.028846153846153848 0.0889423076923077
0 0.7115384615384616 0.5805288461538461 0.038461538461538464 0.14423076923076922
0 0.7560096153846154 0.5829326923076923 0.038461538461538464 0.13942307692307693
2 0.6574519230769231 0.43509615384615385 0.019230769230769232 0.02403846153846154