0 0.28125 0.8052884615384616 0.0985576923076923 0.03365384615384615
0 0.49759615384615385 0.9699519230769231 0.13942307692307693 0.03125
0 0.5396634615384616 0.8774038461538461 0.14423076923076922 0.038461538461538464
0 0.6538461538461539 0.7403846153846154 0.14903846153846154 0.04326923076923077
0 0.5540865384615384 0.6081730769230769 0.1346153846153846 0.03365384615384615
0 0.34375 0.5432692307692307 0.125 0.038461538461538464
0 0.32091346153846156 0.4182692307692308 0.10576923076923077 0.04326923076923077
0 0.359375 0.2764423076923077 0.11057692307692307 0.03365384615384615
0 0.4951923076923077 0.20072115384615385 0.125 0.04567307692307692
0 0.6850961538461539 0.15384615384615385 0.14903846153846154 0.04567307692307692
0 0.6766826923076923 0.36778846153846156 0.14903846153846154 0.04326923076923077
0 0.7163461538461539 0.671875 0.12980769230769232 0.038461538461538464
0 0.5204326923076923 0.3762019230769231 0.12980769230769232 0.03365384615384615
2 0.43509615384615385 0.38100961538461536 0.03125 0.019230769230769232