0 0.375 0.7932692307692307 0.1346153846153846 0.038461538461538464
0 0.4891826923076923 0.8365384615384616 0.14903846153846154 0.04567307692307692
0 0.6826923076923077 0.9362980769230769 0.15144230769230768 0.04326923076923077
0 0.40384615384615385 0.6177884615384616 0.12980769230769232 0.03365384615384615
0 0.8233173076923077 0.6742788461538461 0.15625 0.04807692307692308
0 0.2548076923076923 0.5528846153846154 0.10576923076923077 0.028846153846153848
0 0.45072115384615385 0.5 0.125 0.04567307692307692
0 0.28125 0.5072115384615384 0.0985576923076923 0.028846153846153848
0 0.2608173076923077 0.4651442307692308 0.10096153846153846 0.028846153846153848
0 0.25240384615384615 0.2956730769230769 0.09375 0.038461538461538464
0 0.4423076923076923 0.41947115384615385 0.08173076923076923 0.02403846153846154
0 0.5288461538461539 0.39903846153846156 0.1201923076923077 0.04567307692307692
0 0.84375 0.03245192307692308 0.16826923076923078 0.05048076923076923
0 0.25841346153846156 0.025240384615384616 0.11538461538461539 0.028846153846153848
0 0.27403846153846156 0.1045673076923077 0.10096153846153846 0.04326923076923077
0 0.41466346153846156 0.11538461538461539 0.125 0.028846153846153848
0 0.4375 0.13942307692307693 0.11538461538461539 0.028846153846153848
1 0.4891826923076923 0.28365384615384615 0.12980769230769232 0.038461538461538464
2 0.2860576923076923 0.4699519230769231 0.026442307692307692 0.014423076923076924