0 0.49759615384615385 0.04927884615384615 0.14903846153846154 0.057692307692307696
0 0.45552884615384615 0.3269230769230769 0.14423076923076922 0.07211538461538461
0 0.32572115384615385 0.36658653846153844 0.16105769230769232 0.055288461538461536
0 0.3076923076923077 0.41466346153846156 0.14423076923076922 0.055288461538461536
0 0.8209134615384616 0.4831730769230769 0.125 0.04326923076923077
0 0.7992788461538461 0.59375 0.125 0.04326923076923077
0 0.9423076923076923 0.6826923076923077 0.11538461538461539 0.038461538461538464
0 0.6850961538461539 0.7295673076923077 0.13942307692307693 0.038461538461538464
0 0.41346153846153844 0.7572115384615384 0.18269230769230768 0.04326923076923077
0 0.38341346153846156 0.8040865384615384 0.16826923076923078 0.04567307692307692
1 0.5697115384615384 0.9711538461538461 0.14903846153846154 0.04326923076923077