0 0.15625 0.49278846153846156 0.039663461538461536 0.13822115384615385
0 0.078125 0.6983173076923077 0.039663461538461536 0.14783653846153846
0 0.328125 0.8209134615384616 0.037259615384615384 0.15144230769230768
0 0.19951923076923078 0.37740384615384615 0.03245192307692308 0.12980769230769232
0 0.35697115384615385 0.4110576923076923 0.03485576923076923 0.125
0 0.4362980769230769 0.27403846153846156 0.027644230769230768 0.11177884615384616
0 0.5120192307692307 0.45072115384615385 0.03485576923076923 0.11658653846153846
0 0.6177884615384616 0.5264423076923077 0.03485576923076923 0.125
0 0.5997596153846154 0.45072115384615385 0.027644230769230768 0.0985576923076923
0 0.5012019230769231 0.29927884615384615 0.03245192307692308 0.0985576923076923
0 0.671875 0.2548076923076923 0.03245192307692308 0.10697115384615384
0 0.9038461538461539 0.27884615384615385 0.03245192307692308 0.09375
0 0.9795673076923077 0.26802884615384615 0.030048076923076924 0.11658653846153846
0 0.90625 0.4326923076923077 0.037259615384615384 0.10697115384615384
0 0.8461538461538461 0.4170673076923077 0.03485576923076923 0.12980769230769232
0 0.9735576923076923 0.8197115384615384 0.052884615384615384 0.16466346153846154
0 0.5432692307692307 0.265625 0.025240384615384616 0.10216346153846154
1 0.7331730769230769 0.49158653846153844 0.04567307692307692 0.13341346153846154
2 0.5300480769230769 0.3016826923076923 0.015625 0.02283653846153846