0 0.47115384615384615 0.051682692307692304 0.16346153846153846 0.038461538461538464
0 0.36177884615384615 0.09615384615384616 0.16826923076923078 0.04326923076923077
0 0.640625 0.32091346153846156 0.12980769230769232 0.028846153846153848
0 0.7055288461538461 0.3641826923076923 0.125 0.028846153846153848
0 0.7115384615384616 0.4423076923076923 0.11057692307692307 0.028846153846153848
0 0.5288461538461539 0.49158653846153844 0.13942307692307693 0.03365384615384615
0 0.3389423076923077 0.41346153846153844 0.125 0.04326923076923077
0 0.43028846153846156 0.45913461538461536 0.1201923076923077 0.028846153846153848
0 0.39783653846153844 0.47836538461538464 0.125 0.03365384615384615
0 0.31971153846153844 0.6887019230769231 0.15625 0.038461538461538464
0 0.46634615384615385 0.8125 0.12980769230769232 0.03365384615384615
0 0.4579326923076923 0.8605769230769231 0.11057692307692307 0.04807692307692308
1 0.3545673076923077 0.5805288461538461 0.15625 0.06009615384615385
2 0.36778846153846156 0.734375 0.038461538461538464 0.028846153846153848