0 0.20072115384615385 0.32091346153846156 0.030048076923076924 0.11658653846153846
0 0.16706730769230768 0.5420673076923077 0.037259615384615384 0.12980769230769232
0 0.2764423076923077 0.6646634615384616 0.039663461538461536 0.15144230769230768
0 0.3713942307692308 0.734375 0.039663461538461536 0.12980769230769232
0 0.41466346153846156 0.5733173076923077 0.03485576923076923 0.13822115384615385
0 0.4879807692307692 0.37259615384615385 0.03485576923076923 0.1201923076923077
0 0.6237980769230769 0.3233173076923077 0.037259615384615384 0.1201923076923077
0 0.7848557692307693 0.36778846153846156 0.037259615384615384 0.1201923076923077
0 0.7692307692307693 0.49759615384615385 0.039663461538461536 0.1201923076923077
0 0.609375 0.515625 0.03245192307692308 0.12980769230769232
0 0.6129807692307693 0.6899038461538461 0.04567307692307692 0.14783653846153846
0 0.8497596153846154 0.7139423076923077 0.04567307692307692 0.14302884615384615
1 0.06850961538461539 0.5204326923076923 0.037259615384615384 0.13822115384615385
2 0.6057692307692307 0.40625 0.020432692307692308 0.036057692307692304