0 0.42788461538461536 0.6826923076923077 0.04807692307692308 0.15144230769230768
0 0.27884615384615385 0.609375 0.04567307692307692 0.14783653846153846
0 0.33533653846153844 0.3329326923076923 0.04807692307692308 0.12980769230769232
0 0.7019230769230769 0.39903846153846156 0.04326923076923077 0.12980769230769232
0 0.23918269230769232 0.2608173076923077 0.03485576923076923 0.1201923076923077
0 0.21875 0.17908653846153846 0.030048076923076924 0.10697115384615384
0 0.15144230769230768 0.21394230769230768 0.027644230769230768 0.0985576923076923
0 0.12139423076923077 0.34375 0.037259615384615384 0.125
0 0.02283653846153846 0.328125 0.030048076923076924 0.10216346153846154
1 0.008413461538461538 0.4050480769230769 0.016826923076923076 0.11778846153846154
2 0.7740384615384616 0.46153846153846156 0.025240384615384616 0.039663461538461536