0 0.6057692307692307 0.71875 0.06009615384615385 0.15144230769230768
0 0.6875 0.5108173076923077 0.04807692307692308 0.13822115384615385
0 0.6911057692307693 0.41346153846153844 0.05048076923076923 0.10216346153846154
0 0.5600961538461539 0.43509615384615385 0.039663461538461536 0.12980769230769232
0 0.4651442307692308 0.421875 0.03485576923076923 0.12980769230769232
0 0.35336538461538464 0.47716346153846156 0.04326923076923077 0.11658653846153846
0 0.3293269230769231 0.7211538461538461 0.05048076923076923 0.15625
0 0.0889423076923077 0.578125 0.037259615384615384 0.14783653846153846
0 0.038461538461538464 0.41346153846153844 0.037259615384615384 0.1201923076923077
0 0.10336538461538461 0.47115384615384615 0.039663461538461536 0.10216346153846154
0 0.23076923076923078 0.49158653846153844 0.03485576923076923 0.13341346153846154
0 0.31490384615384615 0.4014423076923077 0.03245192307692308 0.10697115384615384
1 0.1814903846153846 0.5625 0.04567307692307692 0.13341346153846154
2 0.484375 0.24278846153846154 0.025240384615384616 0.039663461538461536