0 0.7043269230769231 0.671875 0.038461538461538464 0.14903846153846154
0 0.8100961538461539 0.46033653846153844 0.038461538461538464 0.14423076923076922
0 0.7451923076923077 0.28125 0.03365384615384615 0.10576923076923077
0 0.6141826923076923 0.24519230769230768 0.03365384615384615 0.0985576923076923
0 0.6550480769230769 0.3545673076923077 0.03365384615384615 0.12980769230769232
0 0.018028846153846152 0.8016826923076923 0.03365384615384615 0.16346153846153846
0 0.07451923076923077 0.4579326923076923 0.038461538461538464 0.1201923076923077
0 0.1346153846153846 0.32091346153846156 0.04807692307692308 0.0985576923076923
0 0.24519230769230768 0.33052884615384615 0.03365384615384615 0.10576923076923077
0 0.24639423076923078 0.4170673076923077 0.03365384615384615 0.11057692307692307
0 0.29447115384615385 0.38221153846153844 0.028846153846153848 0.11057692307692307
0 0.3329326923076923 0.4110576923076923 0.03365384615384615 0.11538461538461539
0 0.3942307692307692 0.3389423076923077 0.028846153846153848 0.10576923076923077
0 0.46634615384615385 0.5024038461538461 0.04326923076923077 0.1201923076923077
0 0.49759615384615385 0.4110576923076923 0.028846153846153848 0.11538461538461539
0 0.7728365384615384 0.3485576923076923 0.02403846153846154 0.08173076923076923
0 0.7728365384615384 0.4266826923076923 0.03365384615384615 0.09375
1 0.5132211538461539 0.4579326923076923 0.03365384615384615 0.1201923076923077
2 0.36177884615384615 0.37740384615384615 0.014423076923076924 0.03125