0 0.08052884615384616 0.359375 0.039663461538461536 0.09375
0 0.1201923076923077 0.4579326923076923 0.03485576923076923 0.11177884615384616
0 0.19110576923076922 0.5180288461538461 0.039663461538461536 0.11658653846153846
0 0.17067307692307693 0.36177884615384615 0.039663461538461536 0.10697115384615384
0 0.23677884615384615 0.39783653846153844 0.03485576923076923 0.0985576923076923
0 0.3449519230769231 0.38341346153846156 0.03245192307692308 0.13341346153846154
0 0.4362980769230769 0.421875 0.037259615384615384 0.12980769230769232
0 0.5120192307692307 0.30528846153846156 0.03485576923076923 0.10216346153846154
0 0.5084134615384616 0.6165865384615384 0.04807692307692308 0.14302884615384615
0 0.38221153846153844 0.36177884615384615 0.025240384615384616 0.07091346153846154
0 0.7728365384615384 0.35096153846153844 0.037259615384615384 0.10216346153846154
0 0.7788461538461539 0.4735576923076923 0.04567307692307692 0.125
0 0.7319711538461539 0.41346153846153844 0.037259615384615384 0.1201923076923077
0 0.7007211538461539 0.41346153846153844 0.039663461538461536 0.13822115384615385
0 0.6610576923076923 0.7007211538461539 0.05048076923076923 0.16947115384615385
1 0.3545673076923077 0.5024038461538461 0.039663461538461536 0.13822115384615385
2 0.3088942307692308 0.16947115384615385 0.015625 0.026442307692307692