0 0.19471153846153846 0.28125 0.03245192307692308 0.0985576923076923
0 0.030048076923076924 0.49759615384615385 0.030048076923076924 0.13822115384615385
0 0.12259615384615384 0.5396634615384616 0.039663461538461536 0.14302884615384615
0 0.25961538461538464 0.6538461538461539 0.04326923076923077 0.14783653846153846
0 0.3918269230769231 0.5540865384615384 0.03485576923076923 0.13341346153846154
0 0.4567307692307692 0.34375 0.039663461538461536 0.125
0 0.5817307692307693 0.32091346153846156 0.04326923076923077 0.10697115384615384
0 0.7235576923076923 0.359375 0.03485576923076923 0.11177884615384616
0 0.7992788461538461 0.4951923076923077 0.04567307692307692 0.125
0 0.8461538461538461 0.6850961538461539 0.04567307692307692 0.14783653846153846
0 0.6322115384615384 0.6766826923076923 0.04326923076923077 0.14783653846153846
0 0.328125 0.7163461538461539 0.037259615384615384 0.12980769230769232
0 0.6237980769230769 0.5204326923076923 0.03245192307692308 0.12980769230769232
2 0.6189903846153846 0.43509615384615385 0.018028846153846152 0.03125