0 0.9278846153846154 0.3161057692307692 0.14423076923076922 0.05048076923076923
0 0.6875 0.6033653846153846 0.15144230769230768 0.05048076923076923
0 0.7211538461538461 0.9050480769230769 0.13942307692307693 0.05048076923076923
0 0.47716346153846156 0.9747596153846154 0.14423076923076922 0.036057692307692304
0 0.3641826923076923 0.9591346153846154 0.1201923076923077 0.038461538461538464
0 0.39302884615384615 0.8629807692307693 0.125 0.04326923076923077
0 0.265625 0.8305288461538461 0.1201923076923077 0.028846153846153848
0 0.29927884615384615 0.8088942307692307 0.1346153846153846 0.028846153846153848
0 0.33653846153846156 0.6165865384615384 0.1201923076923077 0.03365384615384615
0 0.43509615384615385 0.5564903846153846 0.12980769230769232 0.038461538461538464
0 0.34375 0.46153846153846156 0.11538461538461539 0.03365384615384615
0 0.31971153846153844 0.33413461538461536 0.11057692307692307 0.028846153846153848
0 0.30528846153846156 0.2860576923076923 0.10096153846153846 0.028846153846153848
0 0.33533653846153844 0.0733173076923077 0.11538461538461539 0.03365384615384615
0 0.21875 0.3076923076923077 0.0889423076923077 0.03365384615384615
0 0.24278846153846154 0.3449519230769231 0.07692307692307693 0.028846153846153848
0 0.28966346153846156 0.4206730769230769 0.11538461538461539 0.03365384615384615
1 0.41947115384615385 0.28846153846153844 0.1346153846153846 0.038461538461538464
2 0.328125 0.41947115384615385 0.03125 0.014423076923076924