0 0.021634615384615384 0.32091346153846156 0.03245192307692308 0.10697115384615384
0 0.17548076923076922 0.27283653846153844 0.030048076923076924 0.10697115384615384
0 0.010817307692307692 0.14783653846153846 0.021634615384615384 0.0985576923076923
0 0.040865384615384616 0.109375 0.027644230769230768 0.09375
0 0.24639423076923078 0.16706730769230768 0.030048076923076924 0.09375
0 0.30528846153846156 0.1045673076923077 0.027644230769230768 0.09375
0 0.5204326923076923 0.35216346153846156 0.03485576923076923 0.11658653846153846
0 0.5733173076923077 0.19831730769230768 0.030048076923076924 0.10216346153846154
0 0.31490384615384615 0.5540865384615384 0.037259615384615384 0.125
0 0.36658653846153844 0.5697115384615384 0.039663461538461536 0.07572115384615384
0 0.4543269230769231 0.6274038461538461 0.03485576923076923 0.12980769230769232
0 0.6045673076923077 0.6766826923076923 0.04326923076923077 0.13822115384615385
0 0.8209134615384616 0.29447115384615385 0.037259615384615384 0.10697115384615384
0 0.9122596153846154 0.25 0.03485576923076923 0.11658653846153846
1 0.3485576923076923 0.36778846153846156 0.03245192307692308 0.11177884615384616
2 0.43990384615384615 0.5649038461538461 0.020432692307692308 0.03125