0 0.7211538461538461 0.30649038461538464 0.15625 0.055288461538461536
0 0.5084134615384616 0.21514423076923078 0.125 0.03365384615384615
0 0.39903846153846156 0.24879807692307693 0.11057692307692307 0.04567307692307692
0 0.42908653846153844 0.32091346153846156 0.10576923076923077 0.03365384615384615
0 0.3954326923076923 0.3389423076923077 0.11057692307692307 0.028846153846153848
0 0.46153846153846156 0.41346153846153844 0.1201923076923077 0.038461538461538464
0 0.48197115384615385 0.5733173076923077 0.14423076923076922 0.03365384615384615
0 0.49158653846153844 0.6586538461538461 0.125 0.03365384615384615
0 0.7367788461538461 0.6189903846153846 0.15144230769230768 0.04807692307692308
0 0.5757211538461539 0.8269230769230769 0.125 0.038461538461538464
0 0.5108173076923077 0.9338942307692307 0.13942307692307693 0.038461538461538464
0 0.4579326923076923 0.8401442307692307 0.11057692307692307 0.038461538461538464
0 0.40865384615384615 0.8533653846153846 0.11057692307692307 0.028846153846153848
0 0.40625 0.6117788461538461 0.10576923076923077 0.038461538461538464
1 0.5649038461538461 0.7307692307692307 0.12980769230769232 0.04567307692307692
2 0.3125 0.3545673076923077 0.036057692307692304 0.019230769230769232