0 0.6838942307692307 0.9278846153846154 0.05048076923076923 0.14423076923076922
0 0.39663461538461536 0.6875 0.05048076923076923 0.15144230769230768
0 0.09495192307692307 0.7211538461538461 0.05048076923076923 0.13942307692307693
0 0.025240384615384616 0.47716346153846156 0.03365384615384615 0.14423076923076922
0 0.040865384615384616 0.3641826923076923 0.038461538461538464 0.1201923076923077
0 0.13701923076923078 0.39302884615384615 0.04326923076923077 0.125
0 0.16947115384615385 0.265625 0.028846153846153848 0.1201923076923077
0 0.19110576923076922 0.29927884615384615 0.028846153846153848 0.1346153846153846
0 0.38341346153846156 0.33653846153846156 0.03365384615384615 0.1201923076923077
0 0.44350961538461536 0.43509615384615385 0.038461538461538464 0.12980769230769232
0 0.5384615384615384 0.34375 0.03365384615384615 0.11538461538461539
0 0.6658653846153846 0.31971153846153844 0.028846153846153848 0.11057692307692307
0 0.7139423076923077 0.30528846153846156 0.028846153846153848 0.10096153846153846
0 0.9266826923076923 0.33533653846153844 0.03365384615384615 0.11538461538461539
0 0.6923076923076923 0.21875 0.03365384615384615 0.0889423076923077
0 0.6550480769230769 0.24278846153846154 0.028846153846153848 0.07692307692307693
0 0.5793269230769231 0.28966346153846156 0.03365384615384615 0.11538461538461539
1 0.7115384615384616 0.41947115384615385 0.038461538461538464 0.1346153846153846
2 0.5805288461538461 0.328125 0.014423076923076924 0.03125