0 0.20552884615384615 0.18509615384615385 0.02403846153846154 0.09375
0 0.06370192307692307 0.2920673076923077 0.028846153846153848 0.10096153846153846
0 0.018028846153846152 0.38221153846153844 0.028846153846153848 0.11057692307692307
0 0.078125 0.453125 0.03365384615384615 0.11057692307692307
0 0.1622596153846154 0.75 0.04326923076923077 0.15144230769230768
0 0.2704326923076923 0.5625 0.03365384615384615 0.125
0 0.41225961538461536 0.4014423076923077 0.028846153846153848 0.11538461538461539
0 0.4495192307692308 0.46033653846153844 0.028846153846153848 0.11538461538461539
0 0.4519230769230769 0.6586538461538461 0.03365384615384615 0.12980769230769232
0 0.41346153846153844 0.9459134615384616 0.038461538461538464 0.10576923076923077
0 0.6826923076923077 0.3798076923076923 0.03365384615384615 0.10576923076923077
0 0.7127403846153846 0.5865384615384616 0.04807692307692308 0.13942307692307693
0 0.7908653846153846 0.546875 0.03365384615384615 0.1201923076923077
1 0.05889423076923077 0.6021634615384616 0.03365384615384615 0.1346153846153846
2 0.65625 0.40865384615384615 0.014423076923076924 0.03125