0 0.6742788461538461 0.9158653846153846 0.16105769230769232 0.0625
0 0.6430288461538461 0.6382211538461539 0.125 0.04567307692307692
0 0.3389423076923077 0.5637019230769231 0.11538461538461539 0.038461538461538464
0 0.33653846153846156 0.4699519230769231 0.1201923076923077 0.038461538461538464
0 0.25240384615384615 0.3942307692307692 0.10096153846153846 0.04567307692307692
0 0.484375 0.40024038461538464 0.1201923076923077 0.038461538461538464
0 0.640625 0.5961538461538461 0.1201923076923077 0.04807692307692308
0 0.6923076923076923 0.36899038461538464 0.15144230769230768 0.04567307692307692
0 0.7139423076923077 0.2620192307692308 0.16105769230769232 0.04326923076923077
1 0.6069711538461539 0.10817307692307693 0.15144230769230768 0.05048076923076923
2 0.6670673076923077 0.5625 0.03125 0.019230769230769232