0 0.0829326923076923 0.37740384615384615 0.04567307692307692 0.10096153846153846
0 0.4795673076923077 0.49278846153846156 0.028846153846153848 0.10096153846153846
0 0.49278846153846156 0.5889423076923077 0.019230769230769232 0.11538461538461539
0 0.5096153846153846 0.5853365384615384 0.019230769230769232 0.11538461538461539
0 0.6237980769230769 0.4579326923076923 0.02403846153846154 0.11057692307692307
0 0.7788461538461539 0.2920673076923077 0.028846153846153848 0.10096153846153846
0 0.7223557692307693 0.5264423076923077 0.028846153846153848 0.125
0 0.9038461538461539 0.7139423076923077 0.03365384615384615 0.15144230769230768
0 0.8978365384615384 0.453125 0.028846153846153848 0.11057692307692307
0 0.6778846153846154 0.33052884615384615 0.028846153846153848 0.0985576923076923
0 0.6358173076923077 0.36658653846153844 0.02403846153846154 0.0985576923076923
0 0.6105769230769231 0.3858173076923077 0.028846153846153848 0.10096153846153846
0 0.5793269230769231 0.37740384615384615 0.028846153846153848 0.10096153846153846
0 0.5649038461538461 0.40625 0.02403846153846154 0.10576923076923077
0 0.5408653846153846 0.4266826923076923 0.028846153846153848 0.09375
0 0.5192307692307693 0.4483173076923077 0.03365384615384615 0.10096153846153846
0 0.7283653846153846 0.8040865384615384 0.038461538461538464 0.15144230769230768
1 0.6850961538461539 0.59375 0.03365384615384615 0.1346153846153846
2 0.7451923076923077 0.7788461538461539 0.02403846153846154 0.03125