0 0.38822115384615385 0.45072115384615385 0.037259615384615384 0.125
0 0.3233173076923077 0.7079326923076923 0.037259615384615384 0.15625
0 0.27163461538461536 0.8978365384615384 0.04567307692307692 0.15144230769230768
0 0.5072115384615384 0.9038461538461539 0.04567307692307692 0.14783653846153846
0 0.75 0.7211538461538461 0.04326923076923077 0.14783653846153846
0 0.5588942307692307 0.6177884615384616 0.037259615384615384 0.12980769230769232
0 0.5132211538461539 0.48197115384615385 0.037259615384615384 0.10697115384615384
0 0.46033653846153844 0.35096153846153844 0.03485576923076923 0.10216346153846154
0 0.6346153846153846 0.36658653846153844 0.04326923076923077 0.10697115384615384
0 0.6358173076923077 0.48197115384615385 0.039663461538461536 0.125
0 0.7620192307692307 0.41466346153846156 0.037259615384615384 0.0889423076923077
0 0.8858173076923077 0.5 0.04326923076923077 0.13341346153846154
0 0.9867788461538461 0.4050480769230769 0.026442307692307692 0.0985576923076923
0 0.9555288461538461 0.2920673076923077 0.03245192307692308 0.07572115384615384
1 0.7848557692307693 0.4735576923076923 0.037259615384615384 0.11658653846153846