0 0.49158653846153844 0.9423076923076923 0.14423076923076922 0.036057692307692304
0 0.8209134615384616 0.7415865384615384 0.0889423076923077 0.026442307692307692
0 0.8954326923076923 0.3293269230769231 0.09375 0.02403846153846154
0 0.8149038461538461 0.21514423076923078 0.08653846153846154 0.028846153846153848
0 0.5805288461538461 0.359375 0.10576923076923077 0.028846153846153848
0 0.26322115384615385 0.17668269230769232 0.125 0.038461538461538464
0 0.5084134615384616 0.13581730769230768 0.10576923076923077 0.03365384615384615
0 0.5889423076923077 0.08052884615384616 0.10576923076923077 0.03365384615384615
0 0.6382211538461539 0.013221153846153846 0.0985576923076923 0.026442307692307692
0 0.5757211538461539 0.46153846153846156 0.0889423076923077 0.038461538461538464
0 0.6670673076923077 0.4699519230769231 0.10096153846153846 0.028846153846153848
0 0.6478365384615384 0.5036057692307693 0.0889423076923077 0.028846153846153848
1 0.515625 0.028846153846153848 0.1201923076923077 0.03365384615384615
2 0.5360576923076923 0.6838942307692307 0.036057692307692304 0.02403846153846154