0 0.051682692307692304 0.6899038461538461 0.03245192307692308 0.14783653846153846
0 0.3161057692307692 0.8485576923076923 0.05048076923076923 0.15144230769230768
0 0.17307692307692307 0.49278846153846156 0.05048076923076923 0.13822115384615385
0 0.23798076923076922 0.37259615384615385 0.03245192307692308 0.1201923076923077
0 0.43509615384615385 0.39783653846153844 0.030048076923076924 0.125
0 0.46875 0.26322115384615385 0.027644230769230768 0.0985576923076923
0 0.4963942307692308 0.29447115384615385 0.03245192307692308 0.0985576923076923
0 0.5528846153846154 0.24759615384615385 0.030048076923076924 0.07572115384615384
0 0.49158653846153844 0.46153846153846156 0.03245192307692308 0.12980769230769232
0 0.5745192307692307 0.5516826923076923 0.04326923076923077 0.12980769230769232
0 0.5612980769230769 0.46033653846153844 0.027644230769230768 0.08052884615384616
0 0.7259615384615384 0.27884615384615385 0.025240384615384616 0.09375
0 0.8269230769230769 0.4423076923076923 0.04567307692307692 0.125
0 0.8737980769230769 0.27884615384615385 0.03485576923076923 0.09375
0 0.9807692307692307 0.26802884615384615 0.03245192307692308 0.11658653846153846
0 0.9170673076923077 0.43028846153846156 0.03485576923076923 0.12980769230769232
0 0.9591346153846154 0.8798076923076923 0.04807692307692308 0.17908653846153846
2 0.5432692307692307 0.2860576923076923 0.015625 0.026442307692307692