0 0.6935096153846154 0.7211538461538461 0.055288461538461536 0.15625
0 0.7848557692307693 0.5084134615384616 0.03245192307692308 0.125
0 0.7512019230769231 0.39903846153846156 0.04567307692307692 0.11177884615384616
0 0.6790865384615384 0.42908653846153844 0.03245192307692308 0.10697115384615384
0 0.6610576923076923 0.3954326923076923 0.030048076923076924 0.11177884615384616
0 0.5865384615384616 0.46153846153846156 0.037259615384615384 0.1201923076923077
0 0.4266826923076923 0.48197115384615385 0.03485576923076923 0.14302884615384615
0 0.34134615384615385 0.49158653846153844 0.03485576923076923 0.125
0 0.38100961538461536 0.7367788461538461 0.04807692307692308 0.15144230769230768
0 0.17307692307692307 0.5757211538461539 0.039663461538461536 0.125
0 0.06610576923076923 0.5108173076923077 0.037259615384615384 0.13822115384615385
0 0.15985576923076922 0.4579326923076923 0.037259615384615384 0.11177884615384616
0 0.1466346153846154 0.40865384615384615 0.027644230769230768 0.11177884615384616
0 0.38822115384615385 0.40625 0.037259615384615384 0.10697115384615384
1 0.2692307692307692 0.5649038461538461 0.04567307692307692 0.12980769230769232
2 0.6454326923076923 0.3125 0.020432692307692308 0.036057692307692304