0 0.5853365384615384 0.21875 0.1346153846153846 0.03365384615384615
0 0.5865384615384616 0.27403846153846156 0.12980769230769232 0.03365384615384615
0 0.9459134615384616 0.5480769230769231 0.10576923076923077 0.038461538461538464
0 0.7079326923076923 0.6021634615384616 0.12980769230769232 0.038461538461538464
0 0.7704326923076923 0.8341346153846154 0.15625 0.040865384615384616
0 0.6141826923076923 0.8401442307692307 0.1201923076923077 0.04326923076923077
0 0.48197115384615385 0.6009615384615384 0.125 0.03365384615384615
0 0.37259615384615385 0.6021634615384616 0.09375 0.03365384615384615
0 0.18269230769230768 0.8942307692307693 0.08173076923076923 0.028846153846153848
0 0.36778846153846156 0.3317307692307692 0.1201923076923077 0.038461538461538464
2 0.41346153846153844 0.34615384615384615 0.02403846153846154 0.014423076923076924