0 0.6850961538461539 0.8209134615384616 0.052884615384615384 0.17908653846153846
0 0.9807692307692307 0.47115384615384615 0.03245192307692308 0.1201923076923077
0 0.5108173076923077 0.5600961538461539 0.04326923076923077 0.13822115384615385
0 0.3112980769230769 0.5264423076923077 0.03485576923076923 0.11658653846153846
0 0.35096153846153844 0.46153846153846156 0.037259615384615384 0.11177884615384616
0 0.11057692307692307 0.42908653846153844 0.039663461538461536 0.13341346153846154
0 0.5192307692307693 0.38822115384615385 0.037259615384615384 0.125
0 0.6117788461538461 0.4375 0.03245192307692308 0.11658653846153846
0 0.5889423076923077 0.375 0.03245192307692308 0.11658653846153846
0 0.6430288461538461 0.35697115384615385 0.030048076923076924 0.0889423076923077
0 0.6550480769230769 0.30408653846153844 0.027644230769230768 0.0625
0 0.6875 0.41466346153846156 0.03245192307692308 0.0889423076923077
0 0.7319711538461539 0.37259615384615385 0.03245192307692308 0.1201923076923077
0 0.7139423076923077 0.3016826923076923 0.030048076923076924 0.10216346153846154
1 0.8076923076923077 0.5420673076923077 0.04807692307692308 0.13822115384615385
2 0.7091346153846154 0.3329326923076923 0.015625 0.03125