0 0.3004807692307692 0.20793269230769232 0.03245192307692308 0.08533653846153846
0 0.43509615384615385 0.13221153846153846 0.025240384615384616 0.08533653846153846
0 0.8353365384615384 0.21394230769230768 0.027644230769230768 0.10697115384615384
0 0.5264423076923077 0.34375 0.027644230769230768 0.0985576923076923
0 0.49038461538461536 0.4639423076923077 0.03485576923076923 0.11658653846153846
0 0.20192307692307693 0.49158653846153844 0.03245192307692308 0.11658653846153846
0 0.22956730769230768 0.7295673076923077 0.037259615384615384 0.12980769230769232
0 0.14423076923076922 0.41947115384615385 0.03245192307692308 0.0985576923076923
0 0.12860576923076922 0.38221153846153844 0.025240384615384616 0.10216346153846154
0 0.5324519230769231 0.44591346153846156 0.030048076923076924 0.10697115384615384
0 0.6069711538461539 0.36778846153846156 0.027644230769230768 0.08533653846153846
1 0.11658653846153846 0.5048076923076923 0.03245192307692308 0.11658653846153846
2 0.6189903846153846 0.41466346153846156 0.018028846153846152 0.026442307692307692