0 0.09615384615384616 0.9507211538461539 0.18269230769230768 0.052884615384615384
0 0.5540865384615384 0.9471153846153846 0.1346153846153846 0.040865384615384616
0 0.7367788461538461 0.9831730769230769 0.0985576923076923 0.028846153846153848
0 0.7007211538461539 0.8485576923076923 0.10576923076923077 0.028846153846153848
0 0.5492788461538461 0.7860576923076923 0.125 0.038461538461538464
0 0.13581730769230768 0.296875 0.15625 0.038461538461538464
0 0.3125 0.03485576923076923 0.15144230769230768 0.05048076923076923
0 0.5024038461538461 0.17427884615384615 0.13942307692307693 0.04807692307692308
0 0.6274038461538461 0.2704326923076923 0.12980769230769232 0.038461538461538464
0 0.6177884615384616 0.4639423076923077 0.1201923076923077 0.028846153846153848
0 0.5384615384615384 0.49038461538461536 0.13942307692307693 0.028846153846153848
0 0.44471153846153844 0.5480769230769231 0.11057692307692307 0.03365384615384615
0 0.5264423076923077 0.5348557692307693 0.0889423076923077 0.02403846153846154
0 0.6923076923076923 0.5096153846153846 0.08173076923076923 0.028846153846153848
0 0.7319711538461539 0.49759615384615385 0.07211538461538461 0.02403846153846154
0 0.7319711538461539 0.5769230769230769 0.0889423076923077 0.028846153846153848
0 0.7007211538461539 0.7271634615384616 0.10576923076923077 0.038461538461538464
1 0.48677884615384615 0.6935096153846154 0.125 0.04567307692307692
2 0.7007211538461539 0.5805288461538461 0.026442307692307692 0.014423076923076924