0 0.6694711538461539 0.9254807692307693 0.1875 0.04807692307692308
0 0.359375 0.6105769230769231 0.11057692307692307 0.03365384615384615
0 0.33533653846153844 0.5132211538461539 0.11538461538461539 0.03365384615384615
0 0.28846153846153844 0.4795673076923077 0.1201923076923077 0.03365384615384615
0 0.5024038461538461 0.4483173076923077 0.14903846153846154 0.038461538461538464
0 0.6141826923076923 0.6021634615384616 0.10096153846153846 0.038461538461538464
0 0.6923076923076923 0.5925480769230769 0.0625 0.05048076923076923
0 0.6850961538461539 0.4338942307692308 0.14903846153846154 0.0625
0 0.7319711538461539 0.27283653846153844 0.16826923076923078 0.04326923076923077
1 0.6334134615384616 0.16826923076923078 0.14423076923076922 0.04567307692307692
2 0.6742788461538461 0.546875 0.036057692307692304 0.02403846153846154