0 0.38341346153846156 0.7295673076923077 0.1346153846153846 0.038461538461538464
0 0.09375 0.640625 0.125 0.038461538461538464
0 0.17908653846153846 0.42788461538461536 0.125 0.038461538461538464
0 0.4795673076923077 0.33533653846153844 0.15625 0.04807692307692308
0 0.5240384615384616 0.20432692307692307 0.14903846153846154 0.04807692307692308
0 0.22596153846153846 0.11658653846153846 0.13942307692307693 0.038461538461538464
0 0.22596153846153846 0.009615384615384616 0.1346153846153846 0.019230769230769232
0 0.2860576923076923 0.22235576923076922 0.15144230769230768 0.04326923076923077
0 0.6694711538461539 0.6394230769230769 0.125 0.0625
0 0.671875 0.6899038461538461 0.14903846153846154 0.04807692307692308
2 0.6358173076923077 0.75 0.038461538461538464 0.02403846153846154