0 0.359375 0.9194711538461539 0.09375 0.040865384615384616
0 0.4579326923076923 0.8798076923076923 0.11057692307692307 0.03365384615384615
0 0.5180288461538461 0.8088942307692307 0.11538461538461539 0.038461538461538464
0 0.36177884615384615 0.8293269230769231 0.10576923076923077 0.040865384615384616
0 0.39783653846153844 0.7632211538461539 0.0985576923076923 0.03365384615384615
0 0.38341346153846156 0.6550480769230769 0.1346153846153846 0.03365384615384615
0 0.421875 0.5637019230769231 0.12980769230769232 0.038461538461538464
0 0.30528846153846156 0.4879807692307692 0.10096153846153846 0.03365384615384615
0 0.6165865384615384 0.49158653846153844 0.14423076923076922 0.04807692307692308
0 0.36177884615384615 0.6177884615384616 0.07211538461538461 0.02403846153846154
0 0.35096153846153844 0.22716346153846154 0.10096153846153846 0.038461538461538464
0 0.4735576923076923 0.22115384615384615 0.125 0.04567307692307692
0 0.41346153846153844 0.26802884615384615 0.1201923076923077 0.038461538461538464
0 0.41346153846153844 0.29927884615384615 0.13942307692307693 0.038461538461538464
0 0.7007211538461539 0.3389423076923077 0.16826923076923078 0.05048076923076923
1 0.5024038461538461 0.6454326923076923 0.13942307692307693 0.038461538461538464
2 0.16947115384615385 0.6911057692307693 0.026442307692307692 0.016826923076923076