0 0.28125 0.6057692307692307 0.15144230769230768 0.06009615384615385
0 0.4891826923076923 0.6875 0.13942307692307693 0.04807692307692308
0 0.5865384615384616 0.6911057692307693 0.10096153846153846 0.05048076923076923
0 0.5649038461538461 0.5600961538461539 0.12980769230769232 0.038461538461538464
0 0.578125 0.4651442307692308 0.12980769230769232 0.03365384615384615
0 0.5228365384615384 0.35336538461538464 0.11538461538461539 0.04326923076923077
0 0.27884615384615385 0.3293269230769231 0.15625 0.05048076923076923
0 0.421875 0.0889423076923077 0.14903846153846154 0.038461538461538464
0 0.5865384615384616 0.038461538461538464 0.1201923076923077 0.038461538461538464
0 0.5288461538461539 0.10336538461538461 0.10096153846153846 0.038461538461538464
0 0.5084134615384616 0.23076923076923078 0.1346153846153846 0.03365384615384615
0 0.5985576923076923 0.31490384615384615 0.10576923076923077 0.03365384615384615
1 0.4375 0.1814903846153846 0.1346153846153846 0.04567307692307692
2 0.7572115384615384 0.484375 0.038461538461538464 0.02403846153846154