0 0.71875 0.3942307692307692 0.15144230769230768 0.06009615384615385
0 0.5108173076923077 0.3125 0.13942307692307693 0.04807692307692308
0 0.41346153846153844 0.3088942307692308 0.10096153846153846 0.05048076923076923
0 0.43509615384615385 0.43990384615384615 0.12980769230769232 0.038461538461538464
0 0.421875 0.5348557692307693 0.12980769230769232 0.03365384615384615
0 0.47716346153846156 0.6466346153846154 0.11538461538461539 0.04326923076923077
0 0.7211538461538461 0.6706730769230769 0.15625 0.05048076923076923
0 0.578125 0.9110576923076923 0.14903846153846154 0.038461538461538464
0 0.41346153846153844 0.9615384615384616 0.1201923076923077 0.038461538461538464
0 0.47115384615384615 0.8966346153846154 0.10096153846153846 0.038461538461538464
0 0.49158653846153844 0.7692307692307693 0.1346153846153846 0.03365384615384615
0 0.4014423076923077 0.6850961538461539 0.10576923076923077 0.03365384615384615
1 0.5625 0.8185096153846154 0.1346153846153846 0.04567307692307692
2 0.24278846153846154 0.515625 0.038461538461538464 0.02403846153846154