0 0.19591346153846154 0.7271634615384616 0.15144230769230768 0.038461538461538464
0 0.28125 0.9014423076923077 0.15144230769230768 0.03365384615384615
0 0.5420673076923077 0.8978365384615384 0.12980769230769232 0.03365384615384615
0 0.7007211538461539 0.7800480769230769 0.11538461538461539 0.03365384615384615
0 0.4735576923076923 0.7283653846153846 0.1346153846153846 0.028846153846153848
0 0.4110576923076923 0.515625 0.11538461538461539 0.02403846153846154
0 0.4110576923076923 0.49278846153846156 0.125 0.02403846153846154
0 0.5072115384615384 0.47716346153846156 0.10096153846153846 0.028846153846153848
0 0.5492788461538461 0.5180288461538461 0.0985576923076923 0.019230769230769232
0 0.5420673076923077 0.6237980769230769 0.11057692307692307 0.028846153846153848
0 0.5913461538461539 0.5649038461538461 0.09375 0.02403846153846154
0 0.5733173076923077 0.5372596153846154 0.10096153846153846 0.019230769230769232
0 0.6165865384615384 0.6129807692307693 0.0889423076923077 0.028846153846153848
0 0.6177884615384616 0.5829326923076923 0.10096153846153846 0.019230769230769232
0 0.6382211538461539 0.5372596153846154 0.052884615384615384 0.019230769230769232
0 0.6358173076923077 0.6370192307692307 0.09375 0.02403846153846154
0 0.6670673076923077 0.6766826923076923 0.10096153846153846 0.028846153846153848
0 0.6201923076923077 0.08413461538461539 0.10576923076923077 0.04326923076923077
1 0.41947115384615385 0.6646634615384616 0.1346153846153846 0.03365384615384615
2 0.22115384615384615 0.7475961538461539 0.03125 0.019230769230769232