0 0.3016826923076923 0.828125 0.12980769230769232 0.038461538461538464
0 0.8052884615384616 0.9807692307692307 0.16346153846153846 0.038461538461538464
0 0.6454326923076923 0.2620192307692308 0.15625 0.052884615384615384
0 0.45072115384615385 0.12860576923076922 0.14423076923076922 0.04567307692307692
0 0.3858173076923077 0.15144230769230768 0.11057692307692307 0.028846153846153848
0 0.35697115384615385 0.16947115384615385 0.10576923076923077 0.02403846153846154
0 0.28125 0.16346153846153846 0.0889423076923077 0.02403846153846154
0 0.23918269230769232 0.3293269230769231 0.11057692307692307 0.028846153846153848
0 0.328125 0.3713942307692308 0.12980769230769232 0.03365384615384615
0 0.5204326923076923 0.4411057692307692 0.12980769230769232 0.03365384615384615
0 0.3954326923076923 0.4483173076923077 0.11057692307692307 0.038461538461538464
0 0.3389423076923077 0.49759615384615385 0.10576923076923077 0.038461538461538464
0 0.3858173076923077 0.6502403846153846 0.10096153846153846 0.02403846153846154
0 0.390625 0.6742788461538461 0.10096153846153846 0.028846153846153848
0 0.40625 0.7103365384615384 0.125 0.03365384615384615
0 0.32572115384615385 0.7463942307692307 0.11538461538461539 0.03365384615384615
1 0.4483173076923077 0.47596153846153844 0.13942307692307693 0.038461538461538464
2 0.27884615384615385 0.6742788461538461 0.038461538461538464 0.02403846153846154