0 0.08653846153846154 0.5048076923076923 0.04326923076923077 0.1346153846153846
0 0.27283653846153844 0.22115384615384615 0.03365384615384615 0.11057692307692307
0 0.44350961538461536 0.30528846153846156 0.038461538461538464 0.12980769230769232
0 0.2548076923076923 0.6165865384615384 0.04807692307692308 0.125
0 0.25961538461538464 0.7211538461538461 0.052884615384615384 0.1201923076923077
0 0.3605769230769231 0.5228365384615384 0.04807692307692308 0.125
0 0.5084134615384616 0.28846153846153844 0.04326923076923077 0.11057692307692307
0 0.6466346153846154 0.34134615384615385 0.028846153846153848 0.11057692307692307
0 0.7512019230769231 0.515625 0.05048076923076923 0.12980769230769232
0 0.7439903846153846 0.6670673076923077 0.04567307692307692 0.14903846153846154
0 0.8930288461538461 0.6875 0.0625 0.1346153846153846
0 0.9014423076923077 0.5540865384615384 0.05048076923076923 0.125
2 0.40384615384615385 0.0985576923076923 0.02403846153846154 0.036057692307692304