0 0.40625 0.8641826923076923 0.15144230769230768 0.038461538461538464
0 0.625 0.6658653846153846 0.10576923076923077 0.038461538461538464
0 0.7271634615384616 0.7596153846153846 0.11538461538461539 0.04326923076923077
0 0.7680288461538461 0.4266826923076923 0.10576923076923077 0.028846153846153848
0 0.6021634615384616 0.36778846153846156 0.125 0.04326923076923077
0 0.359375 0.3161057692307692 0.12980769230769232 0.028846153846153848
0 0.35697115384615385 0.28725961538461536 0.125 0.03365384615384615
0 0.41346153846153844 0.25961538461538464 0.13942307692307693 0.038461538461538464
0 0.6790865384615384 0.026442307692307692 0.0985576923076923 0.028846153846153848
0 0.7860576923076923 0.05048076923076923 0.0985576923076923 0.038461538461538464
0 0.2860576923076923 0.5588942307692307 0.125 0.04807692307692308
1 0.5576923076923077 0.140625 0.125 0.038461538461538464
2 0.35216346153846156 0.6370192307692307 0.04326923076923077 0.02403846153846154