0 0.171875 0.3016826923076923 0.037259615384615384 0.12980769230769232
0 0.019230769230769232 0.8052884615384616 0.037259615384615384 0.16466346153846154
0 0.7379807692307693 0.6454326923076923 0.052884615384615384 0.15625
0 0.8713942307692307 0.45072115384615385 0.04567307692307692 0.14302884615384615
0 0.8485576923076923 0.3858173076923077 0.027644230769230768 0.11177884615384616
0 0.8305288461538461 0.35697115384615385 0.02283653846153846 0.10697115384615384
0 0.8365384615384616 0.28125 0.025240384615384616 0.0889423076923077
0 0.6706730769230769 0.23918269230769232 0.030048076923076924 0.11177884615384616
0 0.6286057692307693 0.328125 0.03485576923076923 0.12980769230769232
0 0.5588942307692307 0.5204326923076923 0.03245192307692308 0.12980769230769232
0 0.5516826923076923 0.3954326923076923 0.037259615384615384 0.11177884615384616
0 0.5024038461538461 0.3389423076923077 0.039663461538461536 0.10697115384615384
0 0.34975961538461536 0.3858173076923077 0.025240384615384616 0.10216346153846154
0 0.32572115384615385 0.390625 0.027644230769230768 0.10216346153846154
0 0.28966346153846156 0.40625 0.03245192307692308 0.125
0 0.2536057692307692 0.32572115384615385 0.03485576923076923 0.11658653846153846
1 0.5240384615384616 0.4483173076923077 0.037259615384615384 0.13822115384615385
2 0.32572115384615385 0.27884615384615385 0.02283653846153846 0.039663461538461536