0 0.9038461538461539 0.04927884615384615 0.18269230769230768 0.052884615384615384
0 0.44591346153846156 0.052884615384615384 0.1346153846153846 0.038461538461538464
0 0.26322115384615385 0.016826923076923076 0.0985576923076923 0.028846153846153848
0 0.29927884615384615 0.15144230769230768 0.10576923076923077 0.028846153846153848
0 0.45072115384615385 0.21394230769230768 0.125 0.038461538461538464
0 0.8641826923076923 0.703125 0.15625 0.038461538461538464
0 0.6875 0.9651442307692307 0.15144230769230768 0.05048076923076923
0 0.49759615384615385 0.8257211538461539 0.13942307692307693 0.04807692307692308
0 0.37259615384615385 0.7295673076923077 0.12980769230769232 0.038461538461538464
0 0.38221153846153844 0.5360576923076923 0.1201923076923077 0.028846153846153848
0 0.46153846153846156 0.5096153846153846 0.13942307692307693 0.028846153846153848
0 0.5552884615384616 0.4519230769230769 0.11057692307692307 0.03365384615384615
0 0.4735576923076923 0.4651442307692308 0.0889423076923077 0.02403846153846154
0 0.3076923076923077 0.49038461538461536 0.08173076923076923 0.028846153846153848
0 0.26802884615384615 0.5024038461538461 0.07211538461538461 0.02403846153846154
0 0.26802884615384615 0.4230769230769231 0.0889423076923077 0.028846153846153848
0 0.29927884615384615 0.27283653846153844 0.10576923076923077 0.038461538461538464
1 0.5132211538461539 0.30649038461538464 0.125 0.04567307692307692
2 0.29927884615384615 0.41947115384615385 0.026442307692307692 0.014423076923076924