0 0.6165865384615384 0.2704326923076923 0.1346153846153846 0.038461538461538464
0 0.90625 0.359375 0.125 0.038461538461538464
0 0.8209134615384616 0.5721153846153846 0.125 0.038461538461538464
0 0.5204326923076923 0.6646634615384616 0.15625 0.04807692307692308
0 0.47596153846153844 0.7956730769230769 0.14903846153846154 0.04807692307692308
0 0.7740384615384616 0.8834134615384616 0.13942307692307693 0.038461538461538464
0 0.7740384615384616 0.9903846153846154 0.1346153846153846 0.019230769230769232
0 0.7139423076923077 0.7776442307692307 0.15144230769230768 0.04326923076923077
0 0.33052884615384615 0.3605769230769231 0.125 0.0625
0 0.328125 0.31009615384615385 0.14903846153846154 0.04807692307692308
2 0.3641826923076923 0.25 0.038461538461538464 0.02403846153846154