0 0.056490384615384616 0.18509615384615385 0.03245192307692308 0.09375
0 0.10697115384615384 0.6322115384615384 0.04326923076923077 0.12980769230769232
0 0.16826923076923078 0.7680288461538461 0.039663461538461536 0.15144230769230768
0 0.3713942307692308 0.33653846153846156 0.030048076923076924 0.09375
0 0.35697115384615385 0.49158653846153844 0.03485576923076923 0.125
0 0.3605769230769231 0.7139423076923077 0.04326923076923077 0.14302884615384615
0 0.47115384615384615 0.9350961538461539 0.037259615384615384 0.12980769230769232
0 0.6730769230769231 0.34375 0.030048076923076924 0.0889423076923077
0 0.7115384615384616 0.5805288461538461 0.039663461538461536 0.14302884615384615
0 0.7560096153846154 0.5829326923076923 0.039663461538461536 0.13822115384615385
2 0.6574519230769231 0.43509615384615385 0.018028846153846152 0.02283653846153846