0 0.5829326923076923 0.9543269230769231 0.13942307692307693 0.040865384615384616
0 0.06490384615384616 0.5480769230769231 0.12980769230769232 0.04567307692307692
0 0.29927884615384615 0.19591346153846154 0.15144230769230768 0.04567307692307692
0 0.515625 0.30288461538461536 0.12980769230769232 0.04326923076923077
0 0.7704326923076923 0.13701923076923078 0.10096153846153846 0.03365384615384615
0 0.8521634615384616 0.2848557692307692 0.08173076923076923 0.028846153846153848
0 0.7367788461538461 0.4567307692307692 0.0985576923076923 0.03365384615384615
0 0.8209134615384616 0.5096153846153846 0.08173076923076923 0.028846153846153848
0 0.5733173076923077 0.4735576923076923 0.1201923076923077 0.03365384615384615
0 0.5913461538461539 0.5504807692307693 0.13942307692307693 0.03365384615384615
0 0.6105769230769231 0.009615384615384616 0.1201923076923077 0.019230769230769232
1 0.47596153846153844 0.07211538461538461 0.13942307692307693 0.038461538461538464
2 0.7788461538461539 0.5300480769230769 0.03125 0.019230769230769232