0 0.32091346153846156 0.9783653846153846 0.10576923076923077 0.03365384615384615
0 0.27283653846153844 0.8245192307692307 0.10576923076923077 0.03125
0 0.14783653846153846 0.9891826923076923 0.0985576923076923 0.021634615384615384
0 0.109375 0.9591346153846154 0.09375 0.028846153846153848
0 0.16706730769230768 0.7536057692307693 0.09375 0.028846153846153848
0 0.1045673076923077 0.6947115384615384 0.09375 0.028846153846153848
0 0.35216346153846156 0.4795673076923077 0.11538461538461539 0.03365384615384615
0 0.19831730769230768 0.4266826923076923 0.10096153846153846 0.028846153846153848
0 0.5540865384615384 0.6850961538461539 0.125 0.038461538461538464
0 0.5697115384615384 0.6334134615384616 0.07692307692307693 0.038461538461538464
0 0.6274038461538461 0.5456730769230769 0.12980769230769232 0.03365384615384615
0 0.6766826923076923 0.3954326923076923 0.13942307692307693 0.04326923076923077
0 0.29447115384615385 0.17908653846153846 0.10576923076923077 0.038461538461538464
0 0.25 0.08774038461538461 0.11538461538461539 0.03365384615384615
1 0.36778846153846156 0.6514423076923077 0.11057692307692307 0.03365384615384615
2 0.5649038461538461 0.5600961538461539 0.03125 0.019230769230769232