0 0.6262019230769231 0.7139423076923077 0.04567307692307692 0.15144230769230768
0 0.4074519230769231 0.6899038461538461 0.05048076923076923 0.14903846153846154
0 0.13701923076923078 0.5709134615384616 0.03365384615384615 0.1346153846153846
0 0.07211538461538461 0.3954326923076923 0.03365384615384615 0.1201923076923077
0 0.17067307692307693 0.4423076923076923 0.04567307692307692 0.11538461538461539
0 0.24759615384615385 0.45072115384615385 0.03365384615384615 0.10576923076923077
0 0.33413461538461536 0.38822115384615385 0.028846153846153848 0.10576923076923077
0 0.3762019230769231 0.453125 0.038461538461538464 0.11057692307692307
0 0.4723557692307692 0.37740384615384615 0.028846153846153848 0.1201923076923077
0 0.6021634615384616 0.44471153846153844 0.028846153846153848 0.13942307692307693
0 0.6334134615384616 0.4423076923076923 0.03365384615384615 0.125
0 0.734375 0.4110576923076923 0.038461538461538464 0.10576923076923077
0 0.7139423076923077 0.49759615384615385 0.03365384615384615 0.13942307692307693
1 0.23677884615384615 0.5552884615384616 0.03365384615384615 0.13942307692307693