0 0.2704326923076923 0.38341346153846156 0.037259615384615384 0.13341346153846154
0 0.359375 0.09375 0.039663461538461536 0.125
0 0.5721153846153846 0.17908653846153846 0.037259615384615384 0.125
0 0.6646634615384616 0.4795673076923077 0.04807692307692308 0.15625
0 0.7956730769230769 0.5240384615384616 0.04807692307692308 0.14783653846153846
0 0.8834134615384616 0.22596153846153846 0.037259615384615384 0.13822115384615385
0 0.9903846153846154 0.22596153846153846 0.019230769230769232 0.1346153846153846
0 0.7776442307692307 0.2860576923076923 0.04326923076923077 0.15144230769230768
0 0.3605769230769231 0.6694711538461539 0.0625 0.125
0 0.31009615384615385 0.671875 0.04807692307692308 0.14783653846153846
2 0.25 0.6358173076923077 0.02283653846153846 0.039663461538461536