0 0.6382211538461539 0.8485576923076923 0.16105769230769232 0.04807692307692308
0 0.28966346153846156 0.5036057692307693 0.10576923076923077 0.038461538461538464
0 0.29927884615384615 0.4050480769230769 0.11538461538461539 0.04567307692307692
0 0.18990384615384615 0.3245192307692308 0.10096153846153846 0.038461538461538464
0 0.4483173076923077 0.32211538461538464 0.13942307692307693 0.04567307692307692
0 0.6802884615384616 0.2956730769230769 0.15625 0.04326923076923077
0 0.6875 0.23317307692307693 0.1778846153846154 0.03365384615384615
0 0.6538461538461539 0.6165865384615384 0.12980769230769232 0.038461538461538464
0 0.6430288461538461 0.5853365384615384 0.1346153846153846 0.028846153846153848
1 0.5600961538461539 0.051682692307692304 0.15625 0.04807692307692308
2 0.6610576923076923 0.5649038461538461 0.036057692307692304 0.019230769230769232