0 0.59375 0.13581730769230768 0.15144230769230768 0.038461538461538464
0 0.375 0.33413461538461536 0.10576923076923077 0.038461538461538464
0 0.27283653846153844 0.2403846153846154 0.11538461538461539 0.04326923076923077
0 0.23197115384615385 0.5733173076923077 0.10576923076923077 0.028846153846153848
0 0.39783653846153844 0.6322115384615384 0.125 0.04326923076923077
0 0.640625 0.6838942307692307 0.12980769230769232 0.028846153846153848
0 0.6430288461538461 0.7127403846153846 0.125 0.03365384615384615
0 0.5865384615384616 0.7403846153846154 0.13942307692307693 0.038461538461538464
0 0.32091346153846156 0.9735576923076923 0.0985576923076923 0.028846153846153848
0 0.21394230769230768 0.9495192307692307 0.0985576923076923 0.038461538461538464
0 0.7139423076923077 0.4411057692307692 0.125 0.04807692307692308
1 0.4423076923076923 0.859375 0.125 0.038461538461538464
2 0.6478365384615384 0.3629807692307692 0.04326923076923077 0.02403846153846154