0 0.38822115384615385 0.9110576923076923 0.125 0.04807692307692308
0 0.9375 0.9771634615384616 0.125 0.04567307692307692
0 0.578125 0.6814903846153846 0.12980769230769232 0.05048076923076923
0 0.5 0.7367788461538461 0.1346153846153846 0.02403846153846154
0 0.45552884615384615 0.7175480769230769 0.08173076923076923 0.028846153846153848
0 0.4170673076923077 0.6502403846153846 0.12980769230769232 0.028846153846153848
0 0.390625 0.4699519230769231 0.0673076923076923 0.028846153846153848
0 0.484375 0.47115384615384615 0.12980769230769232 0.028846153846153848
0 0.49759615384615385 0.44591346153846156 0.10096153846153846 0.028846153846153848
0 0.7259615384615384 0.5120192307692307 0.15625 0.038461538461538464
0 0.5288461538461539 0.24519230769230768 0.12980769230769232 0.038461538461538464
0 0.7079326923076923 0.0889423076923077 0.13942307692307693 0.04807692307692308
0 0.5204326923076923 0.052884615384615384 0.13942307692307693 0.05048076923076923
0 0.4579326923076923 0.15865384615384615 0.11057692307692307 0.04567307692307692
0 0.38341346153846156 0.13221153846153846 0.11538461538461539 0.03365384615384615
0 0.36778846153846156 0.1875 0.10096153846153846 0.04326923076923077
1 0.5552884615384616 0.5372596153846154 0.12980769230769232 0.03365384615384615
2 0.3389423076923077 0.3269230769230769 0.036057692307692304 0.02403846153846154