0 0.8641826923076923 0.59375 0.039663461538461536 0.15144230769230768
0 0.6658653846153846 0.375 0.039663461538461536 0.10697115384615384
0 0.7596153846153846 0.27283653846153844 0.04326923076923077 0.11658653846153846
0 0.4266826923076923 0.23197115384615385 0.030048076923076924 0.10697115384615384
0 0.36778846153846156 0.39783653846153844 0.04326923076923077 0.125
0 0.3161057692307692 0.640625 0.030048076923076924 0.12980769230769232
0 0.28725961538461536 0.6430288461538461 0.03245192307692308 0.125
0 0.25961538461538464 0.5865384615384616 0.037259615384615384 0.13822115384615385
0 0.026442307692307692 0.32091346153846156 0.027644230769230768 0.0985576923076923
0 0.05048076923076923 0.21394230769230768 0.039663461538461536 0.0985576923076923
0 0.5588942307692307 0.7139423076923077 0.04807692307692308 0.125
1 0.140625 0.4423076923076923 0.039663461538461536 0.125
2 0.6370192307692307 0.6478365384615384 0.02283653846153846 0.04447115384615385