0 0.04927884615384615 0.5024038461538461 0.057692307692307696 0.14903846153846154
0 0.3269230769230769 0.5444711538461539 0.07211538461538461 0.14423076923076922
0 0.36658653846153844 0.6742788461538461 0.055288461538461536 0.16105769230769232
0 0.41466346153846156 0.6923076923076923 0.055288461538461536 0.14423076923076922
0 0.4831730769230769 0.17908653846153846 0.04326923076923077 0.125
0 0.59375 0.20072115384615385 0.04326923076923077 0.125
0 0.6826923076923077 0.057692307692307696 0.038461538461538464 0.11538461538461539
0 0.7295673076923077 0.31490384615384615 0.038461538461538464 0.13942307692307693
0 0.7572115384615384 0.5865384615384616 0.04326923076923077 0.18269230769230768
0 0.8040865384615384 0.6165865384615384 0.04567307692307692 0.16826923076923078
1 0.9711538461538461 0.43028846153846156 0.04326923076923077 0.14903846153846154