0 0.8149038461538461 0.056490384615384616 0.09375 0.03365384615384615
0 0.36778846153846156 0.10697115384615384 0.12980769230769232 0.04326923076923077
0 0.23197115384615385 0.16826923076923078 0.15144230769230768 0.038461538461538464
0 0.6634615384615384 0.3713942307692308 0.09375 0.028846153846153848
0 0.5084134615384616 0.35697115384615385 0.125 0.03365384615384615
0 0.2860576923076923 0.3605769230769231 0.14423076923076922 0.04326923076923077
0 0.06490384615384616 0.47115384615384615 0.12980769230769232 0.038461538461538464
0 0.65625 0.6730769230769231 0.0889423076923077 0.028846153846153848
0 0.41947115384615385 0.7115384615384616 0.14423076923076922 0.038461538461538464
0 0.4170673076923077 0.7560096153846154 0.13942307692307693 0.038461538461538464
2 0.5649038461538461 0.6574519230769231 0.02403846153846154 0.019230769230769232