0 0.31971153846153844 0.0829326923076923 0.16346153846153846 0.038461538461538464
0 0.6334134615384616 0.3425480769230769 0.1346153846153846 0.038461538461538464
0 0.6947115384615384 0.4338942307692308 0.1201923076923077 0.03365384615384615
0 0.6586538461538461 0.45552884615384615 0.1201923076923077 0.02403846153846154
0 0.5108173076923077 0.515625 0.13942307692307693 0.03365384615384615
0 0.39783653846153844 0.4326923076923077 0.125 0.03365384615384615
0 0.31971153846153844 0.4014423076923077 0.08653846153846154 0.055288461538461536
0 0.34375 0.5168269230769231 0.14423076923076922 0.052884615384615384
0 0.28125 0.7091346153846154 0.16826923076923078 0.04567307692307692
0 0.421875 0.9627403846153846 0.13942307692307693 0.036057692307692304
0 0.4699519230769231 0.9891826923076923 0.11778846153846154 0.021634615384615384
1 0.359375 0.7608173076923077 0.13942307692307693 0.055288461538461536
2 0.34134615384615385 0.46033653846153844 0.03125 0.019230769230769232