0 0.0829326923076923 0.6802884615384616 0.039663461538461536 0.16466346153846154
0 0.3425480769230769 0.36658653846153844 0.037259615384615384 0.13341346153846154
0 0.4338942307692308 0.30528846153846156 0.03245192307692308 0.1201923076923077
0 0.45552884615384615 0.34134615384615385 0.02283653846153846 0.1201923076923077
0 0.515625 0.4891826923076923 0.03485576923076923 0.13822115384615385
0 0.4326923076923077 0.6021634615384616 0.03485576923076923 0.125
0 0.4014423076923077 0.6802884615384616 0.055288461538461536 0.08533653846153846
0 0.5168269230769231 0.65625 0.052884615384615384 0.14302884615384615
0 0.7091346153846154 0.71875 0.04567307692307692 0.16947115384615385
0 0.9627403846153846 0.578125 0.03485576923076923 0.13822115384615385
0 0.9891826923076923 0.5300480769230769 0.021634615384615384 0.11778846153846154
1 0.7608173076923077 0.640625 0.055288461538461536 0.13822115384615385
2 0.46033653846153844 0.6586538461538461 0.020432692307692308 0.03125