0 0.71875 0.19471153846153846 0.0985576923076923 0.03365384615384615
0 0.5024038461538461 0.030048076923076924 0.13942307692307693 0.028846153846153848
0 0.46033653846153844 0.12259615384615384 0.14423076923076922 0.038461538461538464
0 0.34615384615384615 0.25961538461538464 0.14903846153846154 0.04326923076923077
0 0.44591346153846156 0.3918269230769231 0.1346153846153846 0.03365384615384615
0 0.65625 0.4567307692307692 0.125 0.038461538461538464
0 0.6790865384615384 0.5817307692307693 0.10576923076923077 0.04326923076923077
0 0.640625 0.7235576923076923 0.11057692307692307 0.03365384615384615
0 0.5048076923076923 0.7992788461538461 0.125 0.04567307692307692
0 0.31490384615384615 0.8461538461538461 0.14903846153846154 0.04567307692307692
0 0.3233173076923077 0.6322115384615384 0.14903846153846154 0.04326923076923077
0 0.28365384615384615 0.328125 0.12980769230769232 0.038461538461538464
0 0.4795673076923077 0.6237980769230769 0.12980769230769232 0.03365384615384615
2 0.5649038461538461 0.6189903846153846 0.03125 0.019230769230769232