0 0.07451923076923077 0.6694711538461539 0.04807692307692308 0.1875
0 0.3894230769230769 0.359375 0.03485576923076923 0.11177884615384616
0 0.48677884615384615 0.33533653846153844 0.03245192307692308 0.11658653846153846
0 0.5204326923076923 0.28846153846153844 0.03485576923076923 0.1201923076923077
0 0.5516826923076923 0.5024038461538461 0.037259615384615384 0.14783653846153846
0 0.39783653846153844 0.6141826923076923 0.037259615384615384 0.10216346153846154
0 0.4074519230769231 0.6923076923076923 0.05048076923076923 0.0625
0 0.5661057692307693 0.6850961538461539 0.0625 0.14783653846153846
0 0.7271634615384616 0.7319711538461539 0.04326923076923077 0.16947115384615385
1 0.8317307692307693 0.6334134615384616 0.04567307692307692 0.14302884615384615
2 0.453125 0.6742788461538461 0.02283653846153846 0.036057692307692304