0 0.47716346153846156 0.65625 0.03485576923076923 0.11658653846153846
0 0.4963942307692308 0.5865384615384616 0.037259615384615384 0.11177884615384616
0 0.28846153846153844 0.48677884615384615 0.03485576923076923 0.125
0 0.18870192307692307 0.4483173076923077 0.03485576923076923 0.11177884615384616
0 0.1658653846153846 0.24519230769230768 0.025240384615384616 0.0985576923076923
0 0.5228365384615384 0.31490384615384615 0.03485576923076923 0.10216346153846154
0 0.5528846153846154 0.203125 0.030048076923076924 0.09375
0 0.8377403846153846 0.24759615384615385 0.03245192307692308 0.09375
0 0.9362980769230769 0.23677884615384615 0.03245192307692308 0.10697115384615384
0 0.24879807692307693 0.16105769230769232 0.030048076923076924 0.0889423076923077
0 0.06370192307692307 0.12980769230769232 0.02283653846153846 0.08052884615384616
0 0.08653846153846154 0.1045673076923077 0.02283653846153846 0.09375
0 0.2800480769230769 0.11177884615384616 0.02283653846153846 0.07091346153846154
1 0.3425480769230769 0.32091346153846156 0.027644230769230768 0.0889423076923077
2 0.4110576923076923 0.39783653846153844 0.02283653846153846 0.036057692307692304