0 0.046875 0.45072115384615385 0.03245192307692308 0.14302884615384615
0 0.23798076923076922 0.37259615384615385 0.03245192307692308 0.1201923076923077
0 0.27403846153846156 0.515625 0.03485576923076923 0.14783653846153846
0 0.2692307692307692 0.6610576923076923 0.03485576923076923 0.14302884615384615
0 0.3954326923076923 0.7896634615384616 0.03245192307692308 0.15144230769230768
0 0.4675480769230769 0.5853365384615384 0.04567307692307692 0.14302884615384615
0 0.5528846153846154 0.38822115384615385 0.030048076923076924 0.125
0 0.6875 0.31009615384615385 0.03245192307692308 0.10216346153846154
0 0.9170673076923077 0.390625 0.03485576923076923 0.14783653846153846
0 0.9158653846153846 0.7944711538461539 0.04326923076923077 0.16105769230769232
0 0.5985576923076923 0.6634615384615384 0.03485576923076923 0.14783653846153846
0 0.6081730769230769 0.4579326923076923 0.039663461538461536 0.12980769230769232
0 0.6394230769230769 0.4579326923076923 0.03245192307692308 0.11177884615384616
1 0.16706730769230768 0.5576923076923077 0.03245192307692308 0.14302884615384615
2 0.6189903846153846 0.34615384615384615 0.018028846153846152 0.02283653846153846