0 0.5288461538461539 0.9483173076923077 0.16346153846153846 0.038461538461538464
0 0.6382211538461539 0.9038461538461539 0.16826923076923078 0.04326923076923077
0 0.359375 0.6790865384615384 0.12980769230769232 0.028846153846153848
0 0.29447115384615385 0.6358173076923077 0.125 0.028846153846153848
0 0.28846153846153844 0.5576923076923077 0.11057692307692307 0.028846153846153848
0 0.47115384615384615 0.5084134615384616 0.13942307692307693 0.03365384615384615
0 0.6610576923076923 0.5865384615384616 0.125 0.04326923076923077
0 0.5697115384615384 0.5408653846153846 0.1201923076923077 0.028846153846153848
0 0.6021634615384616 0.5216346153846154 0.125 0.03365384615384615
0 0.6802884615384616 0.3112980769230769 0.15625 0.038461538461538464
0 0.5336538461538461 0.1875 0.12980769230769232 0.03365384615384615
0 0.5420673076923077 0.13942307692307693 0.11057692307692307 0.04807692307692308
1 0.6454326923076923 0.41947115384615385 0.15625 0.06009615384615385
2 0.6322115384615384 0.265625 0.038461538461538464 0.028846153846153848