0 0.021634615384615384 0.32091346153846156 0.03365384615384615 0.10576923076923077
0 0.17548076923076922 0.27283653846153844 0.028846153846153848 0.10576923076923077
0 0.010817307692307692 0.14783653846153846 0.021634615384615384 0.0985576923076923
0 0.040865384615384616 0.109375 0.028846153846153848 0.09375
0 0.24639423076923078 0.16706730769230768 0.028846153846153848 0.09375
0 0.30528846153846156 0.1045673076923077 0.028846153846153848 0.09375
0 0.5204326923076923 0.35216346153846156 0.03365384615384615 0.11538461538461539
0 0.5733173076923077 0.19831730769230768 0.028846153846153848 0.10096153846153846
0 0.31490384615384615 0.5540865384615384 0.038461538461538464 0.125
0 0.36658653846153844 0.5697115384615384 0.038461538461538464 0.07692307692307693
0 0.4543269230769231 0.6274038461538461 0.03365384615384615 0.12980769230769232
0 0.6045673076923077 0.6766826923076923 0.04326923076923077 0.13942307692307693
0 0.8209134615384616 0.29447115384615385 0.038461538461538464 0.10576923076923077
0 0.9122596153846154 0.25 0.03365384615384615 0.11538461538461539
1 0.3485576923076923 0.36778846153846156 0.03365384615384615 0.11057692307692307
2 0.43990384615384615 0.5649038461538461 0.019230769230769232 0.03125