0 0.3954326923076923 0.265625 0.15625 0.04326923076923077
0 0.453125 0.04326923076923077 0.15625 0.05048076923076923
0 0.7704326923076923 0.5336538461538461 0.12980769230769232 0.038461538461538464
0 0.34615384615384615 0.3894230769230769 0.14903846153846154 0.04567307692307692
0 0.7572115384615384 0.6382211538461539 0.12980769230769232 0.03365384615384615
0 0.8858173076923077 0.7175480769230769 0.12980769230769232 0.03365384615384615
0 0.6165865384615384 0.7475961538461539 0.1346153846153846 0.04326923076923077
0 0.375 0.7668269230769231 0.16105769230769232 0.03365384615384615
0 0.35096153846153844 0.7992788461538461 0.14903846153846154 0.04567307692307692
0 0.34375 0.4411057692307692 0.1346153846153846 0.04807692307692308
1 0.5108173076923077 0.9891826923076923 0.15625 0.021634615384615384