0 0.6983173076923077 0.171875 0.12980769230769232 0.038461538461538464
0 0.19471153846153846 0.019230769230769232 0.16346153846153846 0.038461538461538464
0 0.3545673076923077 0.7379807692307693 0.15625 0.052884615384615384
0 0.5492788461538461 0.8713942307692307 0.14423076923076922 0.04567307692307692
0 0.6141826923076923 0.8485576923076923 0.11057692307692307 0.028846153846153848
0 0.6430288461538461 0.8305288461538461 0.10576923076923077 0.02403846153846154
0 0.71875 0.8365384615384616 0.0889423076923077 0.026442307692307692
0 0.7608173076923077 0.6706730769230769 0.11057692307692307 0.028846153846153848
0 0.671875 0.6286057692307693 0.12980769230769232 0.03365384615384615
0 0.4795673076923077 0.5588942307692307 0.12980769230769232 0.03365384615384615
0 0.6045673076923077 0.5516826923076923 0.11057692307692307 0.038461538461538464
0 0.6610576923076923 0.5024038461538461 0.10576923076923077 0.038461538461538464
0 0.6141826923076923 0.34975961538461536 0.10096153846153846 0.02403846153846154
0 0.609375 0.32572115384615385 0.10096153846153846 0.028846153846153848
0 0.59375 0.28966346153846156 0.125 0.03365384615384615
0 0.6742788461538461 0.2536057692307692 0.11538461538461539 0.03365384615384615
1 0.5516826923076923 0.5240384615384616 0.13942307692307693 0.038461538461538464
2 0.7211538461538461 0.32572115384615385 0.038461538461538464 0.02403846153846154