0 0.02403846153846154 0.359375 0.03365384615384615 0.14903846153846154
0 0.3125 0.6298076923076923 0.04807692307692308 0.14423076923076922
0 0.35697115384615385 0.7211538461538461 0.04567307692307692 0.15625
0 0.7896634615384616 0.4423076923076923 0.038461538461538464 0.11538461538461539
0 0.4014423076923077 0.359375 0.038461538461538464 0.13942307692307693
0 0.33653846153846156 0.109375 0.03365384615384615 0.11057692307692307
0 0.6237980769230769 0.16706730769230768 0.028846153846153848 0.1201923076923077
0 0.9074519230769231 0.20793269230769232 0.038461538461538464 0.11057692307692307
0 0.9891826923076923 0.5012019230769231 0.021634615384615384 0.1658653846153846
1 0.8365384615384616 0.2764423076923077 0.03365384615384615 0.125
2 0.3629807692307692 0.3858173076923077 0.028846153846153848 0.038461538461538464