0 0.32091346153846156 0.7992788461538461 0.11538461538461539 0.028846153846153848
0 0.5420673076923077 0.8329326923076923 0.12980769230769232 0.038461538461538464
0 0.6646634615384616 0.7235576923076923 0.15144230769230768 0.038461538461538464
0 0.734375 0.6286057692307693 0.12980769230769232 0.038461538461538464
0 0.5733173076923077 0.5853365384615384 0.13942307692307693 0.03365384615384615
0 0.37259615384615385 0.5120192307692307 0.1201923076923077 0.03365384615384615
0 0.3233173076923077 0.3762019230769231 0.1201923076923077 0.038461538461538464
0 0.36778846153846156 0.21514423076923078 0.1201923076923077 0.038461538461538464
0 0.49759615384615385 0.23076923076923078 0.1201923076923077 0.038461538461538464
0 0.515625 0.390625 0.12980769230769232 0.03365384615384615
0 0.6899038461538461 0.3870192307692308 0.14903846153846154 0.04567307692307692
0 0.7139423076923077 0.1502403846153846 0.14423076923076922 0.04567307692307692
1 0.5204326923076923 0.9314903846153846 0.13942307692307693 0.038461538461538464
2 0.40625 0.3942307692307692 0.036057692307692304 0.019230769230769232