0 0.15144230769230768 0.6382211538461539 0.04807692307692308 0.16105769230769232
0 0.4963942307692308 0.28966346153846156 0.038461538461538464 0.10576923076923077
0 0.5949519230769231 0.29927884615384615 0.04567307692307692 0.11538461538461539
0 0.6754807692307693 0.18990384615384615 0.038461538461538464 0.10096153846153846
0 0.6778846153846154 0.4483173076923077 0.04567307692307692 0.13942307692307693
0 0.7043269230769231 0.6802884615384616 0.04326923076923077 0.15625
0 0.7668269230769231 0.6875 0.03365384615384615 0.1778846153846154
0 0.38341346153846156 0.6538461538461539 0.038461538461538464 0.12980769230769232
0 0.41466346153846156 0.6430288461538461 0.028846153846153848 0.1346153846153846
1 0.9483173076923077 0.5600961538461539 0.04807692307692308 0.15625
2 0.43509615384615385 0.6610576923076923 0.019230769230769232 0.036057692307692304