0 0.265625 0.6045673076923077 0.04326923076923077 0.15625
0 0.04326923076923077 0.546875 0.05048076923076923 0.15625
0 0.5336538461538461 0.22956730769230768 0.038461538461538464 0.12980769230769232
0 0.3894230769230769 0.6538461538461539 0.04567307692307692 0.14903846153846154
0 0.6382211538461539 0.24278846153846154 0.03365384615384615 0.12980769230769232
0 0.7175480769230769 0.1141826923076923 0.03365384615384615 0.12980769230769232
0 0.7475961538461539 0.38341346153846156 0.04326923076923077 0.1346153846153846
0 0.7668269230769231 0.625 0.03365384615384615 0.16105769230769232
0 0.7992788461538461 0.6490384615384616 0.04567307692307692 0.14903846153846154
0 0.4411057692307692 0.65625 0.04807692307692308 0.1346153846153846
1 0.9891826923076923 0.4891826923076923 0.021634615384615384 0.15625