0 0.328125 0.7043269230769231 0.14903846153846154 0.038461538461538464
0 0.5396634615384616 0.8100961538461539 0.14423076923076922 0.038461538461538464
0 0.71875 0.7451923076923077 0.10576923076923077 0.03365384615384615
0 0.7548076923076923 0.6141826923076923 0.0985576923076923 0.03365384615384615
0 0.6454326923076923 0.6550480769230769 0.12980769230769232 0.03365384615384615
0 0.19831730769230768 0.018028846153846152 0.16346153846153846 0.03365384615384615
0 0.5420673076923077 0.07451923076923077 0.1201923076923077 0.038461538461538464
0 0.6790865384615384 0.1346153846153846 0.0985576923076923 0.04807692307692308
0 0.6694711538461539 0.24519230769230768 0.10576923076923077 0.03365384615384615
0 0.5829326923076923 0.24639423076923078 0.11057692307692307 0.03365384615384615
0 0.6177884615384616 0.29447115384615385 0.11057692307692307 0.028846153846153848
0 0.5889423076923077 0.3329326923076923 0.11538461538461539 0.03365384615384615
0 0.6610576923076923 0.3942307692307692 0.10576923076923077 0.028846153846153848
0 0.49759615384615385 0.46634615384615385 0.1201923076923077 0.04326923076923077
0 0.5889423076923077 0.49759615384615385 0.11538461538461539 0.028846153846153848
0 0.6514423076923077 0.7728365384615384 0.08173076923076923 0.02403846153846154
0 0.5733173076923077 0.7728365384615384 0.09375 0.03365384615384615
1 0.5420673076923077 0.5132211538461539 0.1201923076923077 0.03365384615384615
2 0.6225961538461539 0.36177884615384615 0.03125 0.014423076923076924