0 0.6117788461538461 0.0889423076923077 0.125 0.04807692307692308
0 0.0625 0.02283653846153846 0.125 0.04567307692307692
0 0.421875 0.31850961538461536 0.12980769230769232 0.05048076923076923
0 0.5 0.26322115384615385 0.1346153846153846 0.02403846153846154
0 0.5444711538461539 0.2824519230769231 0.08173076923076923 0.028846153846153848
0 0.5829326923076923 0.34975961538461536 0.12980769230769232 0.028846153846153848
0 0.609375 0.5300480769230769 0.0673076923076923 0.028846153846153848
0 0.515625 0.5288461538461539 0.12980769230769232 0.028846153846153848
0 0.5024038461538461 0.5540865384615384 0.10096153846153846 0.028846153846153848
0 0.27403846153846156 0.4879807692307692 0.15625 0.038461538461538464
0 0.47115384615384615 0.7548076923076923 0.12980769230769232 0.038461538461538464
0 0.2920673076923077 0.9110576923076923 0.13942307692307693 0.04807692307692308
0 0.4795673076923077 0.9471153846153846 0.13942307692307693 0.05048076923076923
0 0.5420673076923077 0.8413461538461539 0.11057692307692307 0.04567307692307692
0 0.6165865384615384 0.8677884615384616 0.11538461538461539 0.03365384615384615
0 0.6322115384615384 0.8125 0.10096153846153846 0.04326923076923077
1 0.44471153846153844 0.46274038461538464 0.12980769230769232 0.03365384615384615
2 0.6610576923076923 0.6730769230769231 0.036057692307692304 0.02403846153846154