0 0.10096153846153846 0.28966346153846156 0.039663461538461536 0.10697115384615384
0 0.15384615384615385 0.1875 0.03485576923076923 0.0985576923076923
0 0.5048076923076923 0.20793269230769232 0.03485576923076923 0.11177884615384616
0 0.44471153846153844 0.36658653846153844 0.039663461538461536 0.11658653846153846
0 0.29927884615384615 0.5649038461538461 0.03485576923076923 0.13822115384615385
0 0.33774038461538464 0.5913461538461539 0.027644230769230768 0.10216346153846154
0 0.3786057692307692 0.6177884615384616 0.04807692307692308 0.1201923076923077
0 0.5793269230769231 0.6983173076923077 0.04807692307692308 0.1201923076923077
0 0.7427884615384616 0.3329326923076923 0.03245192307692308 0.11177884615384616
0 0.8341346153846154 0.25721153846153844 0.03485576923076923 0.10216346153846154
0 0.9627403846153846 0.5805288461538461 0.04567307692307692 0.14302884615384615
1 0.2536057692307692 0.39302884615384615 0.030048076923076924 0.125
2 0.5733173076923077 0.6334134615384616 0.020432692307692308 0.036057692307692304