0 0.65625 0.5228365384615384 0.11538461538461539 0.03365384615384615
0 0.5865384615384616 0.5036057692307693 0.11057692307692307 0.038461538461538464
0 0.48677884615384615 0.7115384615384616 0.125 0.03365384615384615
0 0.4483173076923077 0.8112980769230769 0.11057692307692307 0.03365384615384615
0 0.24519230769230768 0.8341346153846154 0.0985576923076923 0.026442307692307692
0 0.31490384615384615 0.47716346153846156 0.10096153846153846 0.03365384615384615
0 0.203125 0.44711538461538464 0.09375 0.028846153846153848
0 0.24759615384615385 0.1622596153846154 0.09375 0.03365384615384615
0 0.23677884615384615 0.06370192307692307 0.10576923076923077 0.03365384615384615
0 0.16105769230769232 0.7512019230769231 0.0889423076923077 0.028846153846153848
0 0.12980769230769232 0.9362980769230769 0.08173076923076923 0.02403846153846154
0 0.1045673076923077 0.9134615384615384 0.09375 0.02403846153846154
0 0.11177884615384616 0.7199519230769231 0.07211538461538461 0.02403846153846154
1 0.32091346153846156 0.6574519230769231 0.0889423076923077 0.028846153846153848
2 0.39783653846153844 0.5889423076923077 0.036057692307692304 0.02403846153846154