0 0.051682692307692304 0.5288461538461539 0.037259615384615384 0.16466346153846154
0 0.09615384615384616 0.6382211538461539 0.04326923076923077 0.16947115384615385
0 0.32091346153846156 0.359375 0.027644230769230768 0.12980769230769232
0 0.3641826923076923 0.29447115384615385 0.030048076923076924 0.125
0 0.4423076923076923 0.28846153846153844 0.030048076923076924 0.11177884615384616
0 0.49158653846153844 0.47115384615384615 0.03245192307692308 0.13822115384615385
0 0.41346153846153844 0.6610576923076923 0.04326923076923077 0.125
0 0.45913461538461536 0.5697115384615384 0.027644230769230768 0.1201923076923077
0 0.47836538461538464 0.6021634615384616 0.03245192307692308 0.125
0 0.6887019230769231 0.6802884615384616 0.039663461538461536 0.15625
0 0.8125 0.5336538461538461 0.03245192307692308 0.12980769230769232
0 0.8605769230769231 0.5420673076923077 0.04807692307692308 0.11177884615384616
1 0.5805288461538461 0.6454326923076923 0.06009615384615385 0.15625
2 0.734375 0.6322115384615384 0.027644230769230768 0.039663461538461536