0 0.15144230769230768 0.6382211538461539 0.04807692307692308 0.16105769230769232
0 0.4963942307692308 0.28966346153846156 0.037259615384615384 0.10697115384615384
0 0.5949519230769231 0.29927884615384615 0.04567307692307692 0.11658653846153846
0 0.6754807692307693 0.18990384615384615 0.039663461538461536 0.10216346153846154
0 0.6778846153846154 0.4483173076923077 0.04567307692307692 0.13822115384615385
0 0.7043269230769231 0.6802884615384616 0.04326923076923077 0.15625
0 0.7668269230769231 0.6875 0.03485576923076923 0.17908653846153846
0 0.38341346153846156 0.6538461538461539 0.037259615384615384 0.12980769230769232
0 0.41466346153846156 0.6430288461538461 0.030048076923076924 0.13341346153846154
1 0.9483173076923077 0.5600961538461539 0.04807692307692308 0.15625
2 0.43509615384615385 0.6610576923076923 0.020432692307692308 0.036057692307692304