0 0.8209134615384616 0.31490384615384615 0.1778846153846154 0.052884615384615384
0 0.47115384615384615 0.019230769230769232 0.1201923076923077 0.03365384615384615
0 0.5600961538461539 0.4891826923076923 0.13942307692307693 0.04326923076923077
0 0.5264423076923077 0.6887019230769231 0.11538461538461539 0.03365384615384615
0 0.46153846153846156 0.6490384615384616 0.11057692307692307 0.038461538461538464
0 0.42908653846153844 0.8894230769230769 0.1346153846153846 0.038461538461538464
0 0.38822115384615385 0.4807692307692308 0.125 0.038461538461538464
0 0.4375 0.38822115384615385 0.11538461538461539 0.03365384615384615
0 0.375 0.4110576923076923 0.11538461538461539 0.03365384615384615
0 0.35697115384615385 0.35697115384615385 0.0889423076923077 0.028846153846153848
0 0.30408653846153844 0.3449519230769231 0.0625 0.028846153846153848
0 0.41466346153846156 0.3125 0.0889423076923077 0.03365384615384615
0 0.37259615384615385 0.26802884615384615 0.1201923076923077 0.03365384615384615
0 0.3016826923076923 0.2860576923076923 0.10096153846153846 0.028846153846153848
1 0.5420673076923077 0.19230769230769232 0.13942307692307693 0.04807692307692308
2 0.3329326923076923 0.29086538461538464 0.03125 0.014423076923076924