0 0.5492788461538461 0.38822115384615385 0.125 0.038461538461538464
0 0.2920673076923077 0.3233173076923077 0.15625 0.038461538461538464
0 0.10216346153846154 0.27163461538461536 0.15144230769230768 0.04567307692307692
0 0.09615384615384616 0.5072115384615384 0.14903846153846154 0.04567307692307692
0 0.27884615384615385 0.75 0.14903846153846154 0.04326923076923077
0 0.38221153846153844 0.5588942307692307 0.12980769230769232 0.038461538461538464
0 0.5180288461538461 0.5132211538461539 0.10576923076923077 0.038461538461538464
0 0.6490384615384616 0.46033653846153844 0.10096153846153846 0.03365384615384615
0 0.6334134615384616 0.6346153846153846 0.10576923076923077 0.04326923076923077
0 0.5180288461538461 0.6358173076923077 0.125 0.038461538461538464
0 0.5853365384615384 0.7620192307692307 0.0889423076923077 0.038461538461538464
0 0.5 0.8858173076923077 0.1346153846153846 0.04326923076923077
0 0.5949519230769231 0.9867788461538461 0.0985576923076923 0.026442307692307692
0 0.7079326923076923 0.9555288461538461 0.07692307692307693 0.03365384615384615
1 0.5264423076923077 0.7848557692307693 0.11538461538461539 0.038461538461538464