0 0.01201923076923077 0.7872596153846154 0.02403846153846154 0.1658653846153846
0 0.038461538461538464 0.44591346153846156 0.04807692307692308 0.125
0 0.12620192307692307 0.30408653846153844 0.04567307692307692 0.10697115384615384
0 0.2403846153846154 0.328125 0.03245192307692308 0.09375
0 0.265625 0.4014423076923077 0.03245192307692308 0.11658653846153846
0 0.3076923076923077 0.375 0.027644230769230768 0.10697115384615384
0 0.3269230769230769 0.39783653846153844 0.025240384615384616 0.10697115384615384
0 0.44591346153846156 0.328125 0.03245192307692308 0.10216346153846154
0 0.4951923076923077 0.4891826923076923 0.030048076923076924 0.12980769230769232
0 0.5096153846153846 0.375 0.020432692307692308 0.054086538461538464
0 0.6370192307692307 0.32091346153846156 0.027644230769230768 0.125
0 0.6370192307692307 0.22716346153846154 0.03245192307692308 0.0985576923076923
0 0.7800480769230769 0.28125 0.027644230769230768 0.10697115384615384
0 0.7932692307692307 0.3545673076923077 0.018028846153846152 0.11177884615384616
0 0.8028846153846154 0.3858173076923077 0.02283653846153846 0.11177884615384616
0 0.8305288461538461 0.4375 0.03245192307692308 0.13341346153846154
0 0.6959134615384616 0.6430288461538461 0.03485576923076923 0.13341346153846154
1 0.515625 0.4375 0.030048076923076924 0.10697115384615384
2 0.34975961538461536 0.2920673076923077 0.020432692307692308 0.03125