0 0.640625 0.08052884615384616 0.09375 0.038461538461538464
0 0.5420673076923077 0.1201923076923077 0.11057692307692307 0.03365384615384615
0 0.48197115384615385 0.19110576923076922 0.11538461538461539 0.038461538461538464
0 0.6382211538461539 0.17067307692307693 0.10576923076923077 0.038461538461538464
0 0.6021634615384616 0.23677884615384615 0.0985576923076923 0.03365384615384615
0 0.6165865384615384 0.3449519230769231 0.1346153846153846 0.03365384615384615
0 0.578125 0.4362980769230769 0.12980769230769232 0.038461538461538464
0 0.6947115384615384 0.5120192307692307 0.10096153846153846 0.03365384615384615
0 0.38341346153846156 0.5084134615384616 0.14423076923076922 0.04807692307692308
0 0.6382211538461539 0.38221153846153844 0.07211538461538461 0.02403846153846154
0 0.6490384615384616 0.7728365384615384 0.10096153846153846 0.038461538461538464
0 0.5264423076923077 0.7788461538461539 0.125 0.04567307692307692
0 0.5865384615384616 0.7319711538461539 0.1201923076923077 0.038461538461538464
0 0.5865384615384616 0.7007211538461539 0.13942307692307693 0.038461538461538464
0 0.29927884615384615 0.6610576923076923 0.16826923076923078 0.05048076923076923
1 0.49759615384615385 0.3545673076923077 0.13942307692307693 0.038461538461538464
2 0.8305288461538461 0.3088942307692308 0.026442307692307692 0.014423076923076924