0 0.02403846153846154 0.359375 0.03245192307692308 0.14783653846153846
0 0.3125 0.6298076923076923 0.04807692307692308 0.14302884615384615
0 0.35697115384615385 0.7211538461538461 0.04567307692307692 0.15625
0 0.7896634615384616 0.4423076923076923 0.037259615384615384 0.11658653846153846
0 0.4014423076923077 0.359375 0.039663461538461536 0.13822115384615385
0 0.33653846153846156 0.109375 0.03485576923076923 0.11177884615384616
0 0.6237980769230769 0.16706730769230768 0.027644230769230768 0.1201923076923077
0 0.9074519230769231 0.20793269230769232 0.039663461538461536 0.11177884615384616
0 0.9891826923076923 0.5012019230769231 0.021634615384615384 0.1658653846153846
1 0.8365384615384616 0.2764423076923077 0.03485576923076923 0.125
2 0.3629807692307692 0.3858173076923077 0.027644230769230768 0.039663461538461536