0 0.9543269230769231 0.4170673076923077 0.038461538461538464 0.13942307692307693
0 0.5480769230769231 0.9350961538461539 0.04567307692307692 0.12980769230769232
0 0.19591346153846154 0.7007211538461539 0.04567307692307692 0.15144230769230768
0 0.30288461538461536 0.484375 0.04326923076923077 0.12980769230769232
0 0.13701923076923078 0.22956730769230768 0.03365384615384615 0.10096153846153846
0 0.2848557692307692 0.14783653846153846 0.028846153846153848 0.08173076923076923
0 0.4567307692307692 0.26322115384615385 0.03365384615384615 0.0985576923076923
0 0.5096153846153846 0.17908653846153846 0.028846153846153848 0.08173076923076923
0 0.4735576923076923 0.4266826923076923 0.03365384615384615 0.1201923076923077
0 0.5504807692307693 0.40865384615384615 0.03365384615384615 0.13942307692307693
0 0.009615384615384616 0.3894230769230769 0.019230769230769232 0.1201923076923077
1 0.07211538461538461 0.5240384615384616 0.038461538461538464 0.13942307692307693
2 0.5300480769230769 0.22115384615384615 0.019230769230769232 0.03125