0 0.640625 0.02403846153846154 0.14903846153846154 0.03365384615384615
0 0.3701923076923077 0.3125 0.14423076923076922 0.04807692307692308
0 0.27884615384615385 0.35697115384615385 0.15625 0.04567307692307692
0 0.5576923076923077 0.7896634615384616 0.11538461538461539 0.038461538461538464
0 0.640625 0.4014423076923077 0.13942307692307693 0.038461538461538464
0 0.890625 0.33653846153846156 0.11057692307692307 0.03365384615384615
0 0.8329326923076923 0.6237980769230769 0.1201923076923077 0.028846153846153848
0 0.7920673076923077 0.9074519230769231 0.11057692307692307 0.038461538461538464
0 0.4987980769230769 0.9891826923076923 0.1658653846153846 0.021634615384615384
1 0.7235576923076923 0.8365384615384616 0.125 0.036057692307692304
2 0.6141826923076923 0.3629807692307692 0.038461538461538464 0.028846153846153848