0 0.6899038461538461 0.9483173076923077 0.14903846153846154 0.03365384615384615
0 0.8485576923076923 0.6838942307692307 0.15144230769230768 0.05048076923076923
0 0.49278846153846156 0.8269230769230769 0.13942307692307693 0.05048076923076923
0 0.37259615384615385 0.7620192307692307 0.1201923076923077 0.03365384615384615
0 0.39783653846153844 0.5649038461538461 0.125 0.028846153846153848
0 0.26322115384615385 0.53125 0.0985576923076923 0.028846153846153848
0 0.29447115384615385 0.5036057692307693 0.0985576923076923 0.03365384615384615
0 0.24759615384615385 0.44711538461538464 0.07692307692307693 0.028846153846153848
0 0.46153846153846156 0.5084134615384616 0.12980769230769232 0.03365384615384615
0 0.5516826923076923 0.4254807692307692 0.12980769230769232 0.04326923076923077
0 0.46033653846153844 0.4387019230769231 0.08173076923076923 0.028846153846153848
0 0.27884615384615385 0.27403846153846156 0.09375 0.02403846153846154
0 0.4423076923076923 0.17307692307692307 0.125 0.04567307692307692
0 0.27884615384615385 0.12620192307692307 0.09375 0.03365384615384615
0 0.26802884615384615 0.019230769230769232 0.11538461538461539 0.03365384615384615
0 0.43028846153846156 0.0829326923076923 0.12980769230769232 0.03365384615384615
0 0.8798076923076923 0.040865384615384616 0.1778846153846154 0.04807692307692308
2 0.2860576923076923 0.4567307692307692 0.026442307692307692 0.014423076923076924