0 0.18389423076923078 0.6081730769230769 0.038461538461538464 0.13701923076923078
0 0.20673076923076922 0.4963942307692308 0.03365384615384615 0.1201923076923077
0 0.25841346153846156 0.3737980769230769 0.040865384615384616 0.11057692307692307
0 0.421875 0.32572115384615385 0.028846153846153848 0.09134615384615384
0 0.4951923076923077 0.31490384615384615 0.028846153846153848 0.10576923076923077
0 0.6923076923076923 0.25841346153846156 0.028846153846153848 0.08653846153846154
0 0.546875 0.42788461538461536 0.03365384615384615 0.11778846153846154
0 0.5625 0.5372596153846154 0.03365384615384615 0.1346153846153846
0 0.38461538461538464 0.8112980769230769 0.04326923076923077 0.15865384615384615
0 0.21754807692307693 0.6514423076923077 0.036057692307692304 0.1346153846153846
0 0.7644230769230769 0.5480769230769231 0.04326923076923077 0.13942307692307693
0 0.7728365384615384 0.36538461538461536 0.03365384615384615 0.09134615384615384
0 0.8341346153846154 0.38100961538461536 0.028846153846153848 0.10096153846153846
1 0.6826923076923077 0.47836538461538464 0.040865384615384616 0.12980769230769232
2 0.5276442307692307 0.24519230769230768 0.016826923076923076 0.026442307692307692