0 0.3918269230769231 0.038461538461538464 0.11057692307692307 0.03365384615384615
0 0.24639423076923078 0.3545673076923077 0.125 0.05048076923076923
0 0.4326923076923077 0.39663461538461536 0.11057692307692307 0.04326923076923077
0 0.1201923076923077 0.4579326923076923 0.14903846153846154 0.052884615384615384
0 0.3293269230769231 0.6298076923076923 0.125 0.057692307692307696
0 0.7151442307692307 0.4519230769230769 0.08173076923076923 0.03365384615384615
0 0.8497596153846154 0.5480769230769231 0.08653846153846154 0.028846153846153848
0 0.9146634615384616 0.5504807692307693 0.06490384615384616 0.02403846153846154
0 0.9230769230769231 0.5721153846153846 0.0673076923076923 0.021634615384615384
0 0.7740384615384616 0.6947115384615384 0.09615384615384616 0.03125
0 0.7680288461538461 0.4387019230769231 0.08173076923076923 0.021634615384615384
0 0.2920673076923077 0.7319711538461539 0.13221153846153846 0.026442307692307692
0 0.30528846153846156 0.7103365384615384 0.1201923076923077 0.03365384615384615
0 0.9290865384615384 0.020432692307692308 0.08173076923076923 0.019230769230769232
0 0.9519230769230769 0.0733173076923077 0.07451923076923077 0.02403846153846154
1 0.703125 0.2692307692307692 0.09615384615384616 0.03365384615384615
2 0.390625 0.6995192307692307 0.03365384615384615 0.019230769230769232