0 0.6081730769230769 0.17668269230769232 0.10576923076923077 0.038461538461538464
0 0.5372596153846154 0.25961538461538464 0.11778846153846154 0.055288461538461536
0 0.5204326923076923 0.3137019230769231 0.11538461538461539 0.03365384615384615
0 0.6081730769230769 0.33533653846153844 0.10817307692307693 0.028846153846153848
0 0.6129807692307693 0.36658653846153844 0.10576923076923077 0.03365384615384615
0 0.4963942307692308 0.35697115384615385 0.12980769230769232 0.028846153846153848
0 0.4579326923076923 0.6033653846153846 0.15384615384615385 0.038461538461538464
0 0.21514423076923078 0.7872596153846154 0.16346153846153846 0.055288461538461536
0 0.5973557692307693 0.5420673076923077 0.125 0.03365384615384615
0 0.6346153846153846 0.7415865384615384 0.11057692307692307 0.03365384615384615
0 0.6899038461538461 0.6887019230769231 0.0985576923076923 0.03125
0 0.6814903846153846 0.9747596153846154 0.11057692307692307 0.03365384615384615
0 0.6502403846153846 0.49158653846153844 0.08173076923076923 0.052884615384615384
0 0.7079326923076923 0.5901442307692307 0.06971153846153846 0.028846153846153848
0 0.7175480769230769 0.5889423076923077 0.08173076923076923 0.02403846153846154
1 0.5504807692307693 0.890625 0.11057692307692307 0.03365384615384615
2 0.7055288461538461 0.5180288461538461 0.019230769230769232 0.016826923076923076