0 0.7704326923076923 0.35216346153846156 0.03365384615384615 0.09134615384615384
0 0.75 0.5024038461538461 0.03365384615384615 0.1201923076923077
0 0.8137019230769231 0.7331730769230769 0.040865384615384616 0.14423076923076922
0 0.578125 0.8052884615384616 0.038461538461538464 0.13701923076923078
0 0.375 0.8810096153846154 0.04807692307692308 0.16346153846153846
0 0.2091346153846154 0.9375 0.04326923076923077 0.125
0 0.5120192307692307 0.5709134615384616 0.03365384615384615 0.11057692307692307
0 0.6418269230769231 0.4723557692307692 0.03125 0.11057692307692307
0 0.6923076923076923 0.5396634615384616 0.038461538461538464 0.11778846153846154
0 0.5961538461538461 0.39302884615384615 0.028846153846153848 0.08653846153846154
0 0.5204326923076923 0.4338942307692308 0.03365384615384615 0.10096153846153846
0 0.41346153846153844 0.40384615384615385 0.02403846153846154 0.09615384615384616
0 0.3701923076923077 0.3762019230769231 0.028846153846153848 0.09134615384615384
1 0.16706730769230768 0.5192307692307693 0.03125 0.11057692307692307
2 0.3918269230769231 0.40384615384615385 0.009615384615384616 0.02403846153846154