0 0.5024038461538461 0.8149038461538461 0.054086538461538464 0.08653846153846154
0 0.4579326923076923 0.8016826923076923 0.036057692307692304 0.13942307692307693
0 0.28846153846153844 0.7956730769230769 0.03125 0.1310096153846154
0 0.5216346153846154 0.625 0.04326923076923077 0.11057692307692307
0 0.3076923076923077 0.34134615384615385 0.038461538461538464 0.07692307692307693
0 0.375 0.39302884615384615 0.03245192307692308 0.09134615384615384
0 0.4230769230769231 0.2439903846153846 0.03245192307692308 0.07692307692307693
0 0.47596153846153844 0.2283653846153846 0.026442307692307692 0.07211538461538461
0 0.6105769230769231 0.38100961538461536 0.04326923076923077 0.08653846153846154
0 0.6706730769230769 0.6153846153846154 0.03485576923076923 0.08173076923076923
0 0.671875 0.703125 0.03365384615384615 0.12259615384615384
1 0.1875 0.421875 0.039663461538461536 0.09134615384615384
2 0.6923076923076923 0.6466346153846154 0.014423076923076924 0.021634615384615384