0 0.6045673076923077 0.34975961538461536 0.08653846153846154 0.04326923076923077
0 0.6009615384615384 0.38461538461538464 0.09615384615384616 0.028846153846153848
0 0.5961538461538461 0.5360576923076923 0.09615384615384616 0.028846153846153848
0 0.5444711538461539 0.5108173076923077 0.09615384615384616 0.03365384615384615
0 0.4338942307692308 0.46033653846153844 0.1201923076923077 0.028846153846153848
0 0.12259615384615384 0.3293269230769231 0.15384615384615385 0.038461538461538464
0 0.19591346153846154 0.5600961538461539 0.14182692307692307 0.03365384615384615
0 0.5060096153846154 0.5961538461538461 0.12259615384615384 0.028846153846153848
0 0.4675480769230769 0.6526442307692307 0.125 0.038461538461538464
0 0.5096153846153846 0.7043269230769231 0.1201923076923077 0.03365384615384615
0 0.6225961538461539 0.7235576923076923 0.10096153846153846 0.028846153846153848
0 0.23197115384615385 0.7896634615384616 0.14423076923076922 0.040865384615384616
1 0.4807692307692308 0.08173076923076923 0.12740384615384615 0.03365384615384615
2 0.6526442307692307 0.5108173076923077 0.026442307692307692 0.021634615384615384