0 0.04807692307692308 0.38822115384615385 0.046875 0.11538461538461539
0 0.17908653846153846 0.7512019230769231 0.042067307692307696 0.16105769230769232
0 0.39903846153846156 0.5204326923076923 0.057692307692307696 0.12259615384615384
0 0.5060096153846154 0.47475961538461536 0.052884615384615384 0.1346153846153846
0 0.6057692307692307 0.4519230769230769 0.042067307692307696 0.14302884615384615
0 0.5396634615384616 0.6442307692307693 0.055288461538461536 0.1466346153846154
0 0.734375 0.34615384615384615 0.039663461538461536 0.10336538461538461
0 0.7680288461538461 0.4110576923076923 0.04447115384615385 0.12259615384615384
0 0.875 0.41466346153846156 0.038461538461538464 0.1346153846153846
0 0.7572115384615384 0.5492788461538461 0.05048076923076923 0.13221153846153846
0 0.6875 0.5829326923076923 0.04447115384615385 0.11538461538461539
2 0.6658653846153846 0.6177884615384616 0.014423076923076924 0.027644230769230768