0 0.24759615384615385 0.39903846153846156 0.026442307692307692 0.10336538461538461
0 0.3269230769230769 0.4423076923076923 0.040865384615384616 0.11538461538461539
0 0.38221153846153844 0.375 0.03245192307692308 0.0889423076923077
0 0.38461538461538464 0.4567307692307692 0.03365384615384615 0.109375
0 0.4014423076923077 0.48197115384615385 0.02403846153846154 0.11057692307692307
0 0.43149038461538464 0.3762019230769231 0.030048076923076924 0.10697115384615384
0 0.5120192307692307 0.36778846153846156 0.04807692307692308 0.04326923076923077
0 0.5600961538461539 0.39903846153846156 0.025240384615384616 0.12379807692307693
0 0.6021634615384616 0.28846153846153844 0.03485576923076923 0.0889423076923077
0 0.6466346153846154 0.2824519230769231 0.03485576923076923 0.0985576923076923
0 0.7355769230769231 0.3173076923076923 0.03125 0.10697115384615384
0 0.765625 0.36658653846153844 0.03245192307692308 0.1141826923076923
0 0.6670673076923077 0.5432692307692307 0.03485576923076923 0.1466346153846154
0 0.7800480769230769 0.7572115384615384 0.054086538461538464 0.15745192307692307
1 0.9483173076923077 0.4483173076923077 0.03485576923076923 0.12259615384615384
2 0.46033653846153844 0.31971153846153844 0.016826923076923076 0.02403846153846154