0 0.7295673076923077 0.6959134615384616 0.08653846153846154 0.028846153846153848
0 0.6887019230769231 0.47596153846153844 0.10096153846153846 0.028846153846153848
0 0.6670673076923077 0.4254807692307692 0.10576923076923077 0.03365384615384615
0 0.6237980769230769 0.25 0.11538461538461539 0.028846153846153848
0 0.5 0.22596153846153846 0.1346153846153846 0.038461538461538464
0 0.37740384615384615 0.19831730769230768 0.1346153846153846 0.03365384615384615
0 0.34375 0.22596153846153846 0.13701923076923078 0.03125
0 0.1658653846153846 0.39903846153846156 0.16826923076923078 0.04807692307692308
0 0.5697115384615384 0.5492788461538461 0.11057692307692307 0.03365384615384615
0 0.45913461538461536 0.5757211538461539 0.125 0.040865384615384616
0 0.4483173076923077 0.7764423076923077 0.13701923076923078 0.04326923076923077
0 0.6237980769230769 0.7740384615384616 0.09615384615384616 0.03125
0 0.6213942307692307 0.8088942307692307 0.09615384615384616 0.019230769230769232
1 0.5240384615384616 0.6911057692307693 0.12259615384615384 0.038461538461538464