0 0.18870192307692307 0.6081730769230769 0.0625 0.15865384615384615
0 0.27884615384615385 0.4831730769230769 0.04807692307692308 0.15384615384615385
0 0.37740384615384615 0.40625 0.038461538461538464 0.1346153846153846
0 0.38822115384615385 0.5384615384615384 0.03365384615384615 0.13701923076923078
0 0.4110576923076923 0.42908653846153844 0.038461538461538464 0.11538461538461539
0 0.5829326923076923 0.5564903846153846 0.04567307692307692 0.1466346153846154
0 0.7908653846153846 0.41586538461538464 0.04807692307692308 0.14423076923076922
0 0.8509615384615384 0.41346153846153844 0.038461538461538464 0.17307692307692307
0 0.5564903846153846 0.3737980769230769 0.04326923076923077 0.14423076923076922
0 0.5384615384615384 0.3293269230769231 0.038461538461538464 0.14423076923076922
2 0.33052884615384615 0.578125 0.02403846153846154 0.04326923076923077