0 0.6237980769230769 0.28365384615384615 0.08173076923076923 0.038461538461538464
0 0.17307692307692307 0.25 0.1466346153846154 0.04326923076923077
0 0.5733173076923077 0.3557692307692308 0.09615384615384616 0.028846153846153848
0 0.7283653846153846 0.38461538461538464 0.09615384615384616 0.036057692307692304
0 0.7091346153846154 0.46153846153846156 0.07211538461538461 0.036057692307692304
0 0.5588942307692307 0.6057692307692307 0.10096153846153846 0.04326923076923077
0 0.36899038461538464 0.5384615384615384 0.10817307692307693 0.036057692307692304
0 0.13581730769230768 0.4543269230769231 0.1201923076923077 0.05048076923076923
0 0.20072115384615385 0.44591346153846156 0.11298076923076923 0.03365384615384615
0 0.32211538461538464 0.6454326923076923 0.11538461538461539 0.03365384615384615
0 0.359375 0.6790865384615384 0.10576923076923077 0.028846153846153848
0 0.7487980769230769 0.9411057692307693 0.08173076923076923 0.028846153846153848
1 0.5324519230769231 0.1622596153846154 0.10336538461538461 0.028846153846153848
2 0.35336538461538464 0.7115384615384616 0.028846153846153848 0.014423076923076924