0 0.36538461538461536 0.2548076923076923 0.18269230769230768 0.040865384615384616
0 0.44591346153846156 0.3713942307692308 0.16105769230769232 0.040865384615384616
0 0.44350961538461536 0.6009615384615384 0.16346153846153846 0.04807692307692308
0 0.5733173076923077 0.7668269230769231 0.1346153846153846 0.04807692307692308
0 0.5997596153846154 0.8485576923076923 0.16346153846153846 0.04326923076923077
0 0.5324519230769231 0.33413461538461536 0.1466346153846154 0.055288461538461536
0 0.6454326923076923 0.3954326923076923 0.1466346153846154 0.04807692307692308
0 0.5985576923076923 0.41947115384615385 0.13942307692307693 0.052884615384615384
0 0.5805288461538461 0.44711538461538464 0.1346153846153846 0.04326923076923077
0 0.6322115384615384 0.5865384615384616 0.13701923076923078 0.052884615384615384
0 0.6814903846153846 0.5769230769230769 0.125 0.038461538461538464
1 0.3641826923076923 0.9807692307692307 0.1875 0.038461538461538464
2 0.34975961538461536 0.31971153846153844 0.040865384615384616 0.02403846153846154