0 0.28365384615384615 0.3762019230769231 0.039663461538461536 0.0829326923076923
0 0.25 0.8269230769230769 0.04326923076923077 0.1466346153846154
0 0.3557692307692308 0.4266826923076923 0.030048076923076924 0.09615384615384616
0 0.38461538461538464 0.27163461538461536 0.036057692307692304 0.09495192307692307
0 0.46153846153846156 0.29086538461538464 0.036057692307692304 0.0733173076923077
0 0.6057692307692307 0.4411057692307692 0.042067307692307696 0.10096153846153846
0 0.5384615384615384 0.6310096153846154 0.036057692307692304 0.10817307692307693
0 0.4543269230769231 0.8641826923076923 0.05048076923076923 0.11899038461538461
0 0.44591346153846156 0.7992788461538461 0.03365384615384615 0.11298076923076923
0 0.6454326923076923 0.6778846153846154 0.03485576923076923 0.11658653846153846
0 0.6790865384615384 0.640625 0.027644230769230768 0.10697115384615384
0 0.9411057692307693 0.2512019230769231 0.028846153846153848 0.08173076923076923
1 0.1622596153846154 0.4675480769230769 0.028846153846153848 0.10336538461538461
2 0.7115384615384616 0.6466346153846154 0.014423076923076924 0.027644230769230768