0 0.2247596153846154 0.9158653846153846 0.040865384615384616 0.14423076923076922
0 0.3858173076923077 0.8762019230769231 0.039663461538461536 0.14903846153846154
0 0.5685096153846154 0.7908653846153846 0.040865384615384616 0.14302884615384615
0 0.8040865384615384 0.6947115384615384 0.03485576923076923 0.12740384615384615
0 0.78125 0.32572115384615385 0.030048076923076924 0.08413461538461539
0 0.765625 0.5096153846153846 0.037259615384615384 0.11658653846153846
0 0.7079326923076923 0.5528846153846154 0.03365384615384615 0.12620192307692307
0 0.5384615384615384 0.5673076923076923 0.036057692307692304 0.11778846153846154
0 0.6538461538461539 0.4483173076923077 0.03365384615384615 0.1045673076923077
0 0.6201923076923077 0.375 0.027644230769230768 0.078125
0 0.48677884615384615 0.41346153846153844 0.038461538461538464 0.08413461538461539
0 0.42427884615384615 0.40024038461538464 0.030048076923076924 0.09134615384615384
0 0.37259615384615385 0.35336538461538464 0.027644230769230768 0.09495192307692307
1 0.2127403846153846 0.5228365384615384 0.038461538461538464 0.1045673076923077
2 0.37259615384615385 0.38221153846153844 0.01201923076923077 0.019230769230769232