0 0.9362980769230769 0.9170673076923077 0.0673076923076923 0.1502403846153846
0 0.828125 0.6334134615384616 0.04567307692307692 0.12259615384615384
0 0.7367788461538461 0.7620192307692307 0.04927884615384615 0.13942307692307693
0 0.4266826923076923 0.7271634615384616 0.04807692307692308 0.11778846153846154
0 0.35096153846153844 0.5168269230769231 0.03245192307692308 0.10817307692307693
0 0.3233173076923077 0.5216346153846154 0.027644230769230768 0.10817307692307693
0 0.47475961538461536 0.2548076923076923 0.03245192307692308 0.08774038461538461
0 0.5120192307692307 0.27403846153846156 0.026442307692307692 0.08052884615384616
0 0.5288461538461539 0.3269230769230769 0.021634615384615384 0.09735576923076923
0 0.5721153846153846 0.36899038461538464 0.030048076923076924 0.09254807692307693
0 0.6021634615384616 0.4266826923076923 0.04567307692307692 0.1045673076923077
0 0.6887019230769231 0.5132211538461539 0.042067307692307696 0.1346153846153846
0 0.5072115384615384 0.5480769230769231 0.03245192307692308 0.1045673076923077
0 0.5456730769230769 0.5264423076923077 0.03125 0.10576923076923077
0 0.5132211538461539 0.46033653846153844 0.025240384615384616 0.0985576923076923
1 0.27403846153846156 0.3894230769230769 0.026442307692307692 0.10576923076923077
2 0.40384615384615385 0.49158653846153844 0.019230769230769232 0.03365384615384615