0 0.18509615384615385 0.5024038461538461 0.08653846153846154 0.052884615384615384
0 0.19831730769230768 0.4579326923076923 0.13942307692307693 0.036057692307692304
0 0.20432692307692307 0.28846153846153844 0.12980769230769232 0.03125
0 0.375 0.5216346153846154 0.11057692307692307 0.04326923076923077
0 0.6586538461538461 0.3076923076923077 0.07692307692307693 0.038461538461538464
0 0.6069711538461539 0.375 0.09134615384615384 0.03365384615384615
0 0.7560096153846154 0.4230769230769231 0.07692307692307693 0.03365384615384615
0 0.7716346153846154 0.47596153846153844 0.07211538461538461 0.026442307692307692
0 0.6189903846153846 0.6105769230769231 0.08653846153846154 0.04326923076923077
0 0.38461538461538464 0.6706730769230769 0.08173076923076923 0.03365384615384615
0 0.296875 0.671875 0.12259615384615384 0.03365384615384615
1 0.578125 0.1875 0.09134615384615384 0.038461538461538464
2 0.35336538461538464 0.6923076923076923 0.021634615384615384 0.014423076923076924