0 0.35096153846153844 0.6009615384615384 0.09134615384615384 0.038461538461538464
0 0.2932692307692308 0.6694711538461539 0.07692307692307693 0.036057692307692304
0 0.1971153846153846 0.5432692307692307 0.07932692307692307 0.03365384615384615
0 0.16466346153846154 0.5048076923076923 0.0625 0.02403846153846154
0 0.3137019230769231 0.37740384615384615 0.09134615384615384 0.03365384615384615
0 0.6021634615384616 0.4987980769230769 0.1201923076923077 0.040865384615384616
0 0.7548076923076923 0.6850961538461539 0.12980769230769232 0.04807692307692308
0 0.7800480769230769 0.5300480769230769 0.12740384615384615 0.04807692307692308
0 0.7800480769230769 0.4266826923076923 0.0625 0.07451923076923077
0 0.6057692307692307 0.3317307692307692 0.10096153846153846 0.04326923076923077
0 0.7103365384615384 0.3076923076923077 0.125 0.04567307692307692
1 0.3641826923076923 0.7896634615384616 0.09615384615384616 0.038461538461538464
2 0.6382211538461539 0.28846153846153844 0.02403846153846154 0.016826923076923076