0 0.0829326923076923 0.9362980769230769 0.14903846153846154 0.0673076923076923
0 0.36658653846153844 0.828125 0.12259615384615384 0.04567307692307692
0 0.23798076923076922 0.7367788461538461 0.13942307692307693 0.05048076923076923
0 0.27283653846153844 0.4266826923076923 0.11778846153846154 0.04807692307692308
0 0.4831730769230769 0.35096153846153844 0.10817307692307693 0.03365384615384615
0 0.47836538461538464 0.3233173076923077 0.10817307692307693 0.028846153846153848
0 0.7451923076923077 0.47475961538461536 0.08653846153846154 0.03365384615384615
0 0.7259615384615384 0.5120192307692307 0.08173076923076923 0.026442307692307692
0 0.6730769230769231 0.5288461538461539 0.09615384615384616 0.021634615384615384
0 0.6310096153846154 0.5721153846153846 0.09134615384615384 0.028846153846153848
0 0.5733173076923077 0.6021634615384616 0.10576923076923077 0.04567307692307692
0 0.48677884615384615 0.6887019230769231 0.1346153846153846 0.04326923076923077
0 0.4519230769230769 0.5072115384615384 0.10576923076923077 0.03365384615384615
0 0.4735576923076923 0.5456730769230769 0.10576923076923077 0.03125
0 0.5396634615384616 0.5132211538461539 0.0985576923076923 0.02403846153846154
1 0.6105769230769231 0.27403846153846156 0.10576923076923077 0.026442307692307692
2 0.5084134615384616 0.40384615384615385 0.03365384615384615 0.019230769230769232