0 0.3870192307692308 0.8461538461538461 0.1201923076923077 0.055288461538461536
0 0.5132211538461539 0.5625 0.11057692307692307 0.0625
0 0.7079326923076923 0.8064903846153846 0.15384615384615385 0.04326923076923077
0 0.6213942307692307 0.4362980769230769 0.16105769230769232 0.052884615384615384
0 0.4675480769230769 0.46153846153846156 0.13942307692307693 0.04567307692307692
0 0.43509615384615385 0.30528846153846156 0.11538461538461539 0.04567307692307692
0 0.5685096153846154 0.2860576923076923 0.12980769230769232 0.04567307692307692
0 0.35336538461538464 0.234375 0.10096153846153846 0.038461538461538464
0 0.4254807692307692 0.19591346153846154 0.1346153846153846 0.04807692307692308
0 0.42788461538461536 0.056490384615384616 0.13701923076923078 0.052884615384615384
0 0.5492788461538461 0.24879807692307693 0.14423076923076922 0.038461538461538464
2 0.6358173076923077 0.5252403846153846 0.03365384615384615 0.02403846153846154