0 0.9158653846153846 0.7752403846153846 0.14423076923076922 0.040865384615384616
0 0.8762019230769231 0.6141826923076923 0.14903846153846154 0.038461538461538464
0 0.7908653846153846 0.43149038461538464 0.14423076923076922 0.040865384615384616
0 0.6947115384615384 0.19591346153846154 0.12740384615384615 0.03365384615384615
0 0.32572115384615385 0.21875 0.08413461538461539 0.028846153846153848
0 0.5096153846153846 0.234375 0.11538461538461539 0.038461538461538464
0 0.5528846153846154 0.2920673076923077 0.125 0.03365384615384615
0 0.5673076923076923 0.46153846153846156 0.11778846153846154 0.036057692307692304
0 0.4483173076923077 0.34615384615384615 0.10576923076923077 0.03365384615384615
0 0.375 0.3798076923076923 0.07692307692307693 0.028846153846153848
0 0.41346153846153844 0.5132211538461539 0.08413461538461539 0.038461538461538464
0 0.40024038461538464 0.5757211538461539 0.09134615384615384 0.028846153846153848
0 0.35336538461538464 0.6274038461538461 0.09615384615384616 0.028846153846153848
1 0.5228365384615384 0.7872596153846154 0.10576923076923077 0.038461538461538464
2 0.38221153846153844 0.6274038461538461 0.019230769230769232 0.01201923076923077