0 0.6081730769230769 0.8112980769230769 0.15865384615384615 0.0625
0 0.4831730769230769 0.7211538461538461 0.15384615384615385 0.04807692307692308
0 0.40625 0.6225961538461539 0.1346153846153846 0.038461538461538464
0 0.5384615384615384 0.6117788461538461 0.13701923076923078 0.03365384615384615
0 0.42908653846153844 0.5889423076923077 0.11538461538461539 0.038461538461538464
0 0.5564903846153846 0.4170673076923077 0.1466346153846154 0.04567307692307692
0 0.41586538461538464 0.2091346153846154 0.14423076923076922 0.04807692307692308
0 0.41346153846153844 0.14903846153846154 0.17307692307692307 0.038461538461538464
0 0.3737980769230769 0.44350961538461536 0.14423076923076922 0.04326923076923077
0 0.3293269230769231 0.46153846153846156 0.14423076923076922 0.038461538461538464
2 0.578125 0.6694711538461539 0.04326923076923077 0.02403846153846154