0 0.6081730769230769 0.21514423076923078 0.1346153846153846 0.04807692307692308
0 0.33413461538461536 0.22596153846153846 0.15384615384615385 0.04567307692307692
0 0.4795673076923077 0.43990384615384615 0.1346153846153846 0.04326923076923077
0 0.3918269230769231 0.5793269230769231 0.15384615384615385 0.04326923076923077
0 0.5372596153846154 0.5685096153846154 0.13701923076923078 0.04807692307692308
0 0.4579326923076923 0.7223557692307693 0.11778846153846154 0.040865384615384616
0 0.46274038461538464 0.7536057692307693 0.13221153846153846 0.04567307692307692
0 0.5649038461538461 0.8185096153846154 0.12259615384615384 0.057692307692307696
0 0.6382211538461539 0.7800480769230769 0.11778846153846154 0.052884615384615384
0 0.5733173076923077 0.7439903846153846 0.10576923076923077 0.057692307692307696
0 0.5661057692307693 0.9819711538461539 0.14182692307692307 0.036057692307692304
2 0.34615384615384615 0.3641826923076923 0.03365384615384615 0.021634615384615384