0 0.13581730769230768 0.5853365384615384 0.04567307692307692 0.1346153846153846
0 0.1658653846153846 0.49038461538461536 0.04807692307692308 0.13221153846153846
0 0.24278846153846154 0.38221153846153844 0.03125 0.11298076923076923
0 0.40625 0.31490384615384615 0.030048076923076924 0.09615384615384616
0 0.5048076923076923 0.31490384615384615 0.030048076923076924 0.09615384615384616
0 0.6574519230769231 0.234375 0.030048076923076924 0.07451923076923077
0 0.5324519230769231 0.43509615384615385 0.042067307692307696 0.12139423076923077
0 0.5084134615384616 0.5540865384615384 0.036057692307692304 0.13581730769230768
0 0.34615384615384615 0.7848557692307693 0.038461538461538464 0.1502403846153846
0 0.18990384615384615 0.6418269230769231 0.040865384615384616 0.13942307692307693
0 0.7199519230769231 0.3581730769230769 0.03125 0.09735576923076923
0 0.8810096153846154 0.3641826923076923 0.03125 0.09735576923076923
0 0.7199519230769231 0.5336538461538461 0.038461538461538464 0.11899038461538461
1 0.671875 0.4723557692307692 0.038461538461538464 0.12139423076923077
2 0.6045673076923077 0.25240384615384615 0.016826923076923076 0.020432692307692308