0 0.15865384615384615 0.43990384615384615 0.038461538461538464 0.13221153846153846
0 0.19230769230769232 0.40384615384615385 0.03365384615384615 0.11538461538461539
0 0.3233173076923077 0.421875 0.03365384615384615 0.11538461538461539
0 0.33413461538461536 0.5180288461538461 0.038461538461538464 0.12980769230769232
0 0.15985576923076922 0.5961538461538461 0.04326923076923077 0.13942307692307693
0 0.4675480769230769 0.7259615384615384 0.038461538461538464 0.14903846153846154
0 0.38341346153846156 0.515625 0.03365384615384615 0.12740384615384615
0 0.45552884615384615 0.4651442307692308 0.02403846153846154 0.12259615384615384
0 0.47115384615384615 0.43028846153846156 0.02403846153846154 0.13221153846153846
0 0.5384615384615384 0.3870192307692308 0.03365384615384615 0.125
0 0.5733173076923077 0.8545673076923077 0.038461538461538464 0.16105769230769232
0 0.1622596153846154 0.8257211538461539 0.038461538461538464 0.1778846153846154