0 0.41466346153846156 0.13581730769230768 0.1346153846153846 0.04567307692307692
0 0.5096153846153846 0.1658653846153846 0.13221153846153846 0.04807692307692308
0 0.6177884615384616 0.24278846153846154 0.11298076923076923 0.03125
0 0.6850961538461539 0.40625 0.09615384615384616 0.028846153846153848
0 0.6850961538461539 0.5048076923076923 0.09615384615384616 0.028846153846153848
0 0.765625 0.6574519230769231 0.07451923076923077 0.028846153846153848
0 0.5649038461538461 0.5324519230769231 0.1201923076923077 0.04326923076923077
0 0.44591346153846156 0.5084134615384616 0.1346153846153846 0.036057692307692304
0 0.21514423076923078 0.34615384615384615 0.14903846153846154 0.038461538461538464
0 0.3581730769230769 0.18990384615384615 0.13942307692307693 0.040865384615384616
0 0.6418269230769231 0.7199519230769231 0.09615384615384616 0.03125
0 0.6358173076923077 0.8810096153846154 0.09615384615384616 0.03125
0 0.46634615384615385 0.7199519230769231 0.1201923076923077 0.038461538461538464
1 0.5276442307692307 0.671875 0.1201923076923077 0.038461538461538464
2 0.7475961538461539 0.6045673076923077 0.019230769230769232 0.016826923076923076