0 0.609375 0.07572115384615384 0.1466346153846154 0.040865384615384616
0 0.3798076923076923 0.23798076923076922 0.12980769230769232 0.03365384615384615
0 0.32211538461538464 0.28966346153846156 0.1201923076923077 0.038461538461538464
0 0.4098557692307692 0.42908653846153844 0.1346153846153846 0.028846153846153848
0 0.35216346153846156 0.4699519230769231 0.125 0.038461538461538464
0 0.40625 0.5120192307692307 0.13221153846153846 0.04326923076923077
0 0.41586538461538464 0.5745192307692307 0.11778846153846154 0.03365384615384615
0 0.5709134615384616 0.46274038461538464 0.14182692307692307 0.038461538461538464
0 0.5192307692307693 0.4170673076923077 0.11538461538461539 0.057692307692307696
0 0.5576923076923077 0.2608173076923077 0.13221153846153846 0.038461538461538464
0 0.7331730769230769 0.7800480769230769 0.1778846153846154 0.04326923076923077
0 0.6478365384615384 0.7680288461538461 0.15865384615384615 0.028846153846153848
0 0.5300480769230769 0.7067307692307693 0.14903846153846154 0.04567307692307692
0 0.5144230769230769 0.6105769230769231 0.13942307692307693 0.036057692307692304
0 0.45552884615384615 0.6189903846153846 0.12259615384615384 0.036057692307692304
0 0.37259615384615385 0.8269230769230769 0.12740384615384615 0.038461538461538464
1 0.65625 0.3161057692307692 0.16346153846153846 0.028846153846153848
2 0.5997596153846154 0.2932692307692308 0.03365384615384615 0.021634615384615384