0 0.22355769230769232 0.8341346153846154 0.04567307692307692 0.1201923076923077
0 0.42908653846153844 0.8834134615384616 0.03365384615384615 0.14182692307692307
0 0.44350961538461536 0.7800480769230769 0.040865384615384616 0.10096153846153846
0 0.5516826923076923 0.609375 0.036057692307692304 0.10576923076923077
0 0.6225961538461539 0.4735576923076923 0.03365384615384615 0.09615384615384616
0 0.8774038461538461 0.25721153846153844 0.038461538461538464 0.07692307692307693
0 0.6790865384615384 0.6189903846153846 0.028846153846153848 0.10576923076923077
0 0.6358173076923077 0.6418269230769231 0.038461538461538464 0.11057692307692307
0 0.3485576923076923 0.4266826923076923 0.02403846153846154 0.0889423076923077
0 0.27403846153846156 0.38461538461538464 0.038461538461538464 0.07692307692307693
0 0.35216346153846156 0.2848557692307692 0.028846153846153848 0.09615384615384616
0 0.4699519230769231 0.32211538461538464 0.038461538461538464 0.07692307692307693
1 0.1466346153846154 0.4855769230769231 0.03125 0.09615384615384616
2 0.6983173076923077 0.6394230769230769 0.014423076923076924 0.03365384615384615