0 0.8149038461538461 0.49759615384615385 0.08653846153846154 0.052884615384615384
0 0.8016826923076923 0.5420673076923077 0.13942307692307693 0.036057692307692304
0 0.7956730769230769 0.7115384615384616 0.12980769230769232 0.03125
0 0.625 0.47836538461538464 0.11057692307692307 0.04326923076923077
0 0.34134615384615385 0.6923076923076923 0.07692307692307693 0.038461538461538464
0 0.39302884615384615 0.625 0.09134615384615384 0.03365384615384615
0 0.2439903846153846 0.5769230769230769 0.07692307692307693 0.03365384615384615
0 0.2283653846153846 0.5240384615384616 0.07211538461538461 0.026442307692307692
0 0.38100961538461536 0.3894230769230769 0.08653846153846154 0.04326923076923077
0 0.6153846153846154 0.3293269230769231 0.08173076923076923 0.03365384615384615
0 0.703125 0.328125 0.12259615384615384 0.03365384615384615
1 0.421875 0.8125 0.09134615384615384 0.038461538461538464
2 0.6466346153846154 0.3076923076923077 0.021634615384615384 0.014423076923076924