0 0.5901442307692307 0.5612980769230769 0.04326923076923077 0.1658653846153846
0 0.7355769230769231 0.44711538461538464 0.036057692307692304 0.14903846153846154
0 0.8149038461538461 0.3918269230769231 0.052884615384615384 0.15985576923076922
0 0.3485576923076923 0.5805288461538461 0.037259615384615384 0.16105769230769232
0 0.3076923076923077 0.6574519230769231 0.04807692307692308 0.16826923076923078
0 0.38221153846153844 0.34615384615384615 0.038461538461538464 0.13701923076923078
0 0.37740384615384615 0.4675480769230769 0.04447115384615385 0.13942307692307693
0 0.4639423076923077 0.4098557692307692 0.036057692307692304 0.140625
0 0.484375 0.43149038461538464 0.036057692307692304 0.12860576923076922
0 0.5997596153846154 0.3701923076923077 0.042067307692307696 0.14302884615384615
1 0.9326923076923077 0.6274038461538461 0.05048076923076923 0.18028846153846154
2 0.3245192307692308 0.6983173076923077 0.019230769230769232 0.037259615384615384