0 0.21514423076923078 0.3918269230769231 0.046875 0.13581730769230768
0 0.22596153846153846 0.6658653846153846 0.04567307692307692 0.15264423076923078
0 0.43990384615384615 0.5204326923076923 0.04326923076923077 0.13341346153846154
0 0.5793269230769231 0.6081730769230769 0.04326923076923077 0.15504807692307693
0 0.5685096153846154 0.46274038461538464 0.04807692307692308 0.13701923076923078
0 0.7223557692307693 0.5420673076923077 0.040865384615384616 0.11778846153846154
0 0.7536057692307693 0.5372596153846154 0.04567307692307692 0.13221153846153846
0 0.8185096153846154 0.43509615384615385 0.056490384615384616 0.12259615384615384
0 0.7800480769230769 0.36177884615384615 0.051682692307692304 0.11778846153846154
0 0.7439903846153846 0.4266826923076923 0.05889423076923077 0.1045673076923077
0 0.9819711538461539 0.4338942307692308 0.03485576923076923 0.14182692307692307
2 0.3641826923076923 0.6538461538461539 0.021634615384615384 0.03365384615384615