0 0.2548076923076923 0.6346153846153846 0.040865384615384616 0.18389423076923078
0 0.3713942307692308 0.5540865384615384 0.040865384615384616 0.16105769230769232
0 0.6009615384615384 0.5564903846153846 0.04927884615384615 0.16346153846153846
0 0.7668269230769231 0.4266826923076923 0.046875 0.1346153846153846
0 0.8485576923076923 0.40024038461538464 0.042067307692307696 0.1622596153846154
0 0.33413461538461536 0.4675480769230769 0.055288461538461536 0.1466346153846154
0 0.3954326923076923 0.3545673076923077 0.04807692307692308 0.1466346153846154
0 0.41947115384615385 0.4014423076923077 0.054086538461538464 0.13942307692307693
0 0.44711538461538464 0.41947115384615385 0.04326923076923077 0.13341346153846154
0 0.5865384615384616 0.36778846153846156 0.052884615384615384 0.13701923076923078
0 0.5769230769230769 0.31850961538461536 0.039663461538461536 0.12379807692307693
1 0.9807692307692307 0.6358173076923077 0.038461538461538464 0.18870192307692307
2 0.31971153846153844 0.6502403846153846 0.025240384615384616 0.040865384615384616