0 0.34975961538461536 0.3954326923076923 0.04447115384615385 0.08774038461538461
0 0.38461538461538464 0.39903846153846156 0.027644230769230768 0.09735576923076923
0 0.5360576923076923 0.40384615384615385 0.028846153846153848 0.09495192307692307
0 0.5108173076923077 0.45552884615384615 0.03365384615384615 0.09735576923076923
0 0.46033653846153844 0.5661057692307693 0.030048076923076924 0.11899038461538461
0 0.3293269230769231 0.8774038461538461 0.038461538461538464 0.15264423076923078
0 0.5600961538461539 0.8040865384615384 0.03485576923076923 0.14182692307692307
0 0.5961538461538461 0.49399038461538464 0.028846153846153848 0.12259615384615384
0 0.6526442307692307 0.5324519230769231 0.037259615384615384 0.12379807692307693
0 0.7043269230769231 0.49038461538461536 0.03485576923076923 0.11899038461538461
0 0.7235576923076923 0.37740384615384615 0.030048076923076924 0.09975961538461539
0 0.7896634615384616 0.7680288461538461 0.039663461538461536 0.14423076923076922
1 0.08173076923076923 0.5192307692307693 0.03245192307692308 0.12740384615384615
2 0.5108173076923077 0.3473557692307692 0.021634615384615384 0.026442307692307692