0 0.23557692307692307 0.40384615384615385 0.03485576923076923 0.13701923076923078
0 0.2848557692307692 0.5276442307692307 0.040865384615384616 0.13221153846153846
0 0.22716346153846154 0.6574519230769231 0.038461538461538464 0.14423076923076922
0 0.2644230769230769 0.6899038461538461 0.030048076923076924 0.14182692307692307
0 0.44471153846153844 0.8629807692307693 0.04326923076923077 0.15985576923076922
0 0.5576923076923077 0.546875 0.037259615384615384 0.12740384615384615
0 0.5276442307692307 0.4567307692307692 0.03245192307692308 0.1141826923076923
0 0.6069711538461539 0.2439903846153846 0.03245192307692308 0.08052884615384616
0 0.38341346153846156 0.3293269230769231 0.027644230769230768 0.09615384615384616
0 0.40384615384615385 0.3016826923076923 0.027644230769230768 0.09254807692307693
0 0.7932692307692307 0.5889423076923077 0.037259615384615384 0.1466346153846154
0 0.7596153846153846 0.4266826923076923 0.03365384615384615 0.09735576923076923
0 0.8028846153846154 0.44350961538461536 0.03245192307692308 0.10576923076923077
1 0.671875 0.5204326923076923 0.03245192307692308 0.13221153846153846
2 0.42427884615384615 0.21995192307692307 0.014423076923076924 0.027644230769230768