0 0.18389423076923078 0.6081730769230769 0.037259615384615384 0.13701923076923078
0 0.20673076923076922 0.4963942307692308 0.03485576923076923 0.12139423076923077
0 0.25841346153846156 0.3737980769230769 0.040865384615384616 0.11057692307692307
0 0.421875 0.32572115384615385 0.030048076923076924 0.09254807692307693
0 0.4951923076923077 0.31490384615384615 0.030048076923076924 0.10697115384615384
0 0.6923076923076923 0.25841346153846156 0.030048076923076924 0.08653846153846154
0 0.546875 0.42788461538461536 0.03485576923076923 0.11778846153846154
0 0.5625 0.5372596153846154 0.03485576923076923 0.13581730769230768
0 0.38461538461538464 0.8112980769230769 0.042067307692307696 0.15985576923076922
0 0.21754807692307693 0.6514423076923077 0.036057692307692304 0.13581730769230768
0 0.7644230769230769 0.5480769230769231 0.04447115384615385 0.140625
0 0.7728365384615384 0.36538461538461536 0.03485576923076923 0.09254807692307693
0 0.8341346153846154 0.38100961538461536 0.030048076923076924 0.09975961538461539
1 0.6826923076923077 0.47836538461538464 0.040865384615384616 0.12860576923076922
2 0.5276442307692307 0.24519230769230768 0.016826923076923076 0.026442307692307692