0 0.6213942307692307 0.24639423076923078 0.11538461538461539 0.038461538461538464
0 0.49399038461538464 0.27884615384615385 0.1346153846153846 0.03365384615384615
0 0.3641826923076923 0.23677884615384615 0.14423076923076922 0.03365384615384615
0 0.3329326923076923 0.2644230769230769 0.14182692307692307 0.03365384615384615
0 0.1466346153846154 0.44471153846153844 0.15384615384615385 0.038461538461538464
0 0.7379807692307693 0.6838942307692307 0.09134615384615384 0.03365384615384615
0 0.5961538461538461 0.7668269230769231 0.09615384615384616 0.03365384615384615
0 0.5913461538461539 0.8088942307692307 0.10336538461538461 0.028846153846153848
0 0.4375 0.8088942307692307 0.14423076923076922 0.036057692307692304
0 0.46274038461538464 0.5865384615384616 0.1346153846153846 0.028846153846153848
0 0.5588942307692307 0.5492788461538461 0.1201923076923077 0.03365384615384615
0 0.6634615384615384 0.4423076923076923 0.09615384615384616 0.03125
0 0.7091346153846154 0.43149038461538464 0.052884615384615384 0.019230769230769232
1 0.5 0.6971153846153846 0.12980769230769232 0.03365384615384615
2 0.8028846153846154 0.4543269230769231 0.026442307692307692 0.014423076923076924