0 0.6346153846153846 0.7451923076923077 0.18269230769230768 0.040865384615384616
0 0.5540865384615384 0.6286057692307693 0.16105769230769232 0.040865384615384616
0 0.5564903846153846 0.39903846153846156 0.16346153846153846 0.04807692307692308
0 0.4266826923076923 0.23317307692307693 0.1346153846153846 0.04807692307692308
0 0.40024038461538464 0.15144230769230768 0.16346153846153846 0.04326923076923077
0 0.4675480769230769 0.6658653846153846 0.1466346153846154 0.055288461538461536
0 0.3545673076923077 0.6045673076923077 0.1466346153846154 0.04807692307692308
0 0.4014423076923077 0.5805288461538461 0.13942307692307693 0.052884615384615384
0 0.41947115384615385 0.5528846153846154 0.1346153846153846 0.04326923076923077
0 0.36778846153846156 0.41346153846153844 0.13701923076923078 0.052884615384615384
0 0.31850961538461536 0.4230769230769231 0.125 0.038461538461538464
1 0.6358173076923077 0.019230769230769232 0.1875 0.038461538461538464
2 0.6502403846153846 0.6802884615384616 0.040865384615384616 0.02403846153846154