0 0.3786057692307692 0.7536057692307693 0.11538461538461539 0.038461538461538464
0 0.5060096153846154 0.7211538461538461 0.1346153846153846 0.03365384615384615
0 0.6358173076923077 0.7632211538461539 0.14423076923076922 0.03365384615384615
0 0.6670673076923077 0.7355769230769231 0.14182692307692307 0.03365384615384615
0 0.8533653846153846 0.5552884615384616 0.15384615384615385 0.038461538461538464
0 0.2620192307692308 0.3161057692307692 0.09134615384615384 0.03365384615384615
0 0.40384615384615385 0.23317307692307693 0.09615384615384616 0.03365384615384615
0 0.40865384615384615 0.19110576923076922 0.10336538461538461 0.028846153846153848
0 0.5625 0.19110576923076922 0.14423076923076922 0.036057692307692304
0 0.5372596153846154 0.41346153846153844 0.1346153846153846 0.028846153846153848
0 0.4411057692307692 0.45072115384615385 0.1201923076923077 0.03365384615384615
0 0.33653846153846156 0.5576923076923077 0.09615384615384616 0.03125
0 0.29086538461538464 0.5685096153846154 0.052884615384615384 0.019230769230769232
1 0.5 0.30288461538461536 0.12980769230769232 0.03365384615384615
2 0.1971153846153846 0.5456730769230769 0.026442307692307692 0.014423076923076924