0 0.8822115384615384 0.7680288461538461 0.13701923076923078 0.038461538461538464
0 0.8689903846153846 0.6105769230769231 0.1346153846153846 0.038461538461538464
0 0.7920673076923077 0.4831730769230769 0.1346153846153846 0.03365384615384615
0 0.5757211538461539 0.43149038461538464 0.11298076923076923 0.028846153846153848
0 0.5817307692307693 0.3112980769230769 0.11298076923076923 0.03365384615384615
0 0.5300480769230769 0.24158653846153846 0.10576923076923077 0.04326923076923077
0 0.6334134615384616 0.2668269230769231 0.10576923076923077 0.03365384615384615
0 0.41346153846153844 0.37740384615384615 0.09134615384615384 0.028846153846153848
0 0.36778846153846156 0.39663461538461536 0.07211538461538461 0.02403846153846154
0 0.2932692307692308 0.19951923076923078 0.07932692307692307 0.028846153846153848
0 0.31971153846153844 0.6298076923076923 0.0889423076923077 0.02403846153846154
0 0.3954326923076923 0.6310096153846154 0.07932692307692307 0.028846153846153848
0 0.41586538461538464 0.5913461538461539 0.0889423076923077 0.02403846153846154
1 0.5324519230769231 0.7884615384615384 0.10576923076923077 0.038461538461538464
2 0.40024038461538464 0.5276442307692307 0.02403846153846154 0.019230769230769232