0 0.4387019230769231 0.5901442307692307 0.1658653846153846 0.04326923076923077
0 0.5528846153846154 0.7355769230769231 0.14903846153846154 0.036057692307692304
0 0.6081730769230769 0.8149038461538461 0.15865384615384615 0.052884615384615384
0 0.41947115384615385 0.3485576923076923 0.16105769230769232 0.038461538461538464
0 0.3425480769230769 0.3076923076923077 0.16826923076923078 0.04807692307692308
0 0.6538461538461539 0.38221153846153844 0.13701923076923078 0.038461538461538464
0 0.5324519230769231 0.37740384615384615 0.13942307692307693 0.04326923076923077
0 0.5901442307692307 0.4639423076923077 0.13942307692307693 0.036057692307692304
0 0.5685096153846154 0.484375 0.12980769230769232 0.036057692307692304
0 0.6298076923076923 0.5997596153846154 0.14423076923076922 0.04326923076923077
1 0.37259615384615385 0.9326923076923077 0.18028846153846154 0.05048076923076923
2 0.3016826923076923 0.3245192307692308 0.038461538461538464 0.019230769230769232