0 0.5036057692307693 0.18269230769230768 0.12740384615384615 0.038461538461538464
0 0.3954326923076923 0.16105769230769232 0.13701923076923078 0.038461538461538464
0 0.6225961538461539 0.25721153846153844 0.11538461538461539 0.038461538461538464
0 0.6730769230769231 0.41346153846153844 0.09134615384615384 0.028846153846153848
0 0.3425480769230769 0.203125 0.13701923076923078 0.038461538461538464
0 0.203125 0.3629807692307692 0.1466346153846154 0.04567307692307692
0 0.6887019230769231 0.5024038461538461 0.10096153846153846 0.028846153846153848
0 0.5685096153846154 0.5432692307692307 0.11778846153846154 0.038461538461538464
0 0.453125 0.5384615384615384 0.1346153846153846 0.04326923076923077
0 0.7524038461538461 0.6802884615384616 0.09134615384615384 0.036057692307692304
0 0.6346153846153846 0.7524038461538461 0.0985576923076923 0.038461538461538464
0 0.6322115384615384 0.859375 0.10576923076923077 0.03125
0 0.45913461538461536 0.7439903846153846 0.13942307692307693 0.038461538461538464
1 0.5204326923076923 0.6790865384615384 0.1346153846153846 0.038461538461538464
2 0.7512019230769231 0.5661057692307693 0.021634615384615384 0.01201923076923077