0 0.5853365384615384 0.8641826923076923 0.1346153846153846 0.04567307692307692
0 0.49038461538461536 0.8341346153846154 0.13221153846153846 0.04807692307692308
0 0.38221153846153844 0.7572115384615384 0.11298076923076923 0.03125
0 0.31490384615384615 0.59375 0.09615384615384616 0.028846153846153848
0 0.31490384615384615 0.4951923076923077 0.09615384615384616 0.028846153846153848
0 0.234375 0.3425480769230769 0.07451923076923077 0.028846153846153848
0 0.43509615384615385 0.4675480769230769 0.1201923076923077 0.04326923076923077
0 0.5540865384615384 0.49158653846153844 0.1346153846153846 0.036057692307692304
0 0.7848557692307693 0.6538461538461539 0.14903846153846154 0.038461538461538464
0 0.6418269230769231 0.8100961538461539 0.13942307692307693 0.040865384615384616
0 0.3581730769230769 0.2800480769230769 0.09615384615384616 0.03125
0 0.3641826923076923 0.11899038461538461 0.09615384615384616 0.03125
0 0.5336538461538461 0.2800480769230769 0.1201923076923077 0.038461538461538464
1 0.4723557692307692 0.328125 0.1201923076923077 0.038461538461538464
2 0.25240384615384615 0.3954326923076923 0.019230769230769232 0.016826923076923076