0 0.5961538461538461 0.23557692307692307 0.13701923076923078 0.03365384615384615
0 0.4723557692307692 0.2848557692307692 0.13221153846153846 0.040865384615384616
0 0.3425480769230769 0.22716346153846154 0.14423076923076922 0.038461538461538464
0 0.31009615384615385 0.2644230769230769 0.14182692307692307 0.028846153846153848
0 0.13701923076923078 0.44471153846153844 0.15865384615384615 0.04326923076923077
0 0.453125 0.5576923076923077 0.12740384615384615 0.038461538461538464
0 0.5432692307692307 0.5276442307692307 0.11538461538461539 0.03365384615384615
0 0.7560096153846154 0.6069711538461539 0.08173076923076923 0.03365384615384615
0 0.6706730769230769 0.38341346153846156 0.09615384615384616 0.028846153846153848
0 0.6983173076923077 0.40384615384615385 0.09134615384615384 0.028846153846153848
0 0.4110576923076923 0.7932692307692307 0.1466346153846154 0.038461538461538464
0 0.5733173076923077 0.7596153846153846 0.09615384615384616 0.03365384615384615
0 0.5564903846153846 0.8028846153846154 0.10576923076923077 0.03365384615384615
1 0.4795673076923077 0.671875 0.13221153846153846 0.03365384615384615
2 0.7800480769230769 0.42427884615384615 0.028846153846153848 0.014423076923076924