0 0.11778846153846154 0.23197115384615385 0.13701923076923078 0.038461538461538464
0 0.1310096153846154 0.3894230769230769 0.1346153846153846 0.038461538461538464
0 0.20793269230769232 0.5168269230769231 0.1346153846153846 0.03365384615384615
0 0.42427884615384615 0.5685096153846154 0.11298076923076923 0.028846153846153848
0 0.4182692307692308 0.6887019230769231 0.11298076923076923 0.03365384615384615
0 0.4699519230769231 0.7584134615384616 0.10576923076923077 0.04326923076923077
0 0.36658653846153844 0.7331730769230769 0.10576923076923077 0.03365384615384615
0 0.5865384615384616 0.6225961538461539 0.09134615384615384 0.028846153846153848
0 0.6322115384615384 0.6033653846153846 0.07211538461538461 0.02403846153846154
0 0.7067307692307693 0.8004807692307693 0.07932692307692307 0.028846153846153848
0 0.6802884615384616 0.3701923076923077 0.0889423076923077 0.02403846153846154
0 0.6045673076923077 0.36899038461538464 0.07932692307692307 0.028846153846153848
0 0.5841346153846154 0.40865384615384615 0.0889423076923077 0.02403846153846154
1 0.4675480769230769 0.21153846153846154 0.10576923076923077 0.038461538461538464
2 0.5997596153846154 0.4723557692307692 0.02403846153846154 0.019230769230769232