0 0.17668269230769232 0.3918269230769231 0.037259615384615384 0.10697115384615384
0 0.25961538461538464 0.46274038461538464 0.055288461538461536 0.11778846153846154
0 0.3137019230769231 0.4795673076923077 0.03485576923076923 0.1141826923076923
0 0.33533653846153844 0.3918269230769231 0.028846153846153848 0.10817307692307693
0 0.36658653846153844 0.3870192307692308 0.03365384615384615 0.10697115384615384
0 0.35697115384615385 0.5036057692307693 0.030048076923076924 0.1310096153846154
0 0.6033653846153846 0.5420673076923077 0.038461538461538464 0.15264423076923078
0 0.7872596153846154 0.7848557692307693 0.054086538461538464 0.1622596153846154
0 0.5420673076923077 0.4026442307692308 0.03365384615384615 0.12379807692307693
0 0.7415865384615384 0.36538461538461536 0.03365384615384615 0.11057692307692307
0 0.6887019230769231 0.31009615384615385 0.03125 0.0985576923076923
0 0.9747596153846154 0.31850961538461536 0.03245192307692308 0.109375
0 0.49158653846153844 0.34975961538461536 0.052884615384615384 0.0829326923076923
0 0.5901442307692307 0.2920673076923077 0.027644230769230768 0.06971153846153846
0 0.5889423076923077 0.2824519230769231 0.02403846153846154 0.08173076923076923
1 0.890625 0.4495192307692308 0.03485576923076923 0.109375
2 0.5180288461538461 0.29447115384615385 0.016826923076923076 0.019230769230769232