0 0.6310096153846154 0.07932692307692307 0.125 0.03365384615384615
0 0.6165865384615384 0.14903846153846154 0.1201923076923077 0.028846153846153848
0 0.4375 0.16346153846153846 0.15384615384615385 0.04567307692307692
0 0.7512019230769231 0.28725961538461536 0.09134615384615384 0.028846153846153848
0 0.5504807692307693 0.39663461538461536 0.1201923076923077 0.03365384615384615
0 0.7055288461538461 0.6862980769230769 0.11057692307692307 0.03125
0 0.40024038461538464 0.6899038461538461 0.1466346153846154 0.04326923076923077
0 0.1935096153846154 0.7151442307692307 0.1778846153846154 0.055288461538461536
0 0.3954326923076923 0.7463942307692307 0.14423076923076922 0.038461538461538464
1 0.4807692307692308 0.019230769230769232 0.13221153846153846 0.038461538461538464
2 0.6201923076923077 0.4170673076923077 0.038461538461538464 0.019230769230769232