0 0.3317307692307692 0.5168269230769231 0.02403846153846154 0.11057692307692307
0 0.3605769230769231 0.4891826923076923 0.03365384615384615 0.08653846153846154
0 0.5180288461538461 0.23317307692307693 0.02403846153846154 0.07932692307692307
0 0.5408653846153846 0.27163461538461536 0.040865384615384616 0.07692307692307693
0 0.5865384615384616 0.3329326923076923 0.028846153846153848 0.09615384615384616
0 0.6129807692307693 0.3641826923076923 0.026442307692307692 0.09615384615384616
0 0.6322115384615384 0.43149038461538464 0.038461538461538464 0.10817307692307693
0 0.7475961538461539 0.5300480769230769 0.03365384615384615 0.1346153846153846
0 0.8509615384615384 0.6622596153846154 0.05048076923076923 0.1201923076923077
0 0.7403846153846154 0.7908653846153846 0.057692307692307696 0.13221153846153846
0 0.9350961538461539 0.9507211538461539 0.06971153846153846 0.0985576923076923
0 0.53125 0.7163461538461539 0.04326923076923077 0.12980769230769232
0 0.5528846153846154 0.5697115384615384 0.028846153846153848 0.10576923076923077
0 0.5480769230769231 0.4699519230769231 0.02403846153846154 0.09615384615384616
0 0.5661057692307693 0.4375 0.028846153846153848 0.10336538461538461
0 0.5961538461538461 0.5480769230769231 0.03365384615384615 0.11538461538461539
1 0.34615384615384615 0.39903846153846156 0.036057692307692304 0.10336538461538461
2 0.359375 0.5564903846153846 0.014423076923076924 0.026442307692307692