0 0.18269230769230768 0.4963942307692308 0.038461538461538464 0.12740384615384615
0 0.16105769230769232 0.6045673076923077 0.038461538461538464 0.13701923076923078
0 0.25721153846153844 0.37740384615384615 0.038461538461538464 0.11538461538461539
0 0.41346153846153844 0.3269230769230769 0.028846153846153848 0.09134615384615384
0 0.203125 0.6574519230769231 0.038461538461538464 0.13701923076923078
0 0.3629807692307692 0.796875 0.04567307692307692 0.1466346153846154
0 0.5024038461538461 0.3112980769230769 0.028846153846153848 0.10096153846153846
0 0.5432692307692307 0.43149038461538464 0.038461538461538464 0.11778846153846154
0 0.5384615384615384 0.546875 0.04326923076923077 0.1346153846153846
0 0.6802884615384616 0.24759615384615385 0.03365384615384615 0.09134615384615384
0 0.7524038461538461 0.36538461538461536 0.038461538461538464 0.0985576923076923
0 0.859375 0.36778846153846156 0.028846153846153848 0.10576923076923077
0 0.7439903846153846 0.5408653846153846 0.038461538461538464 0.13942307692307693
1 0.6790865384615384 0.4795673076923077 0.038461538461538464 0.1346153846153846
2 0.5661057692307693 0.24879807692307693 0.01201923076923077 0.021634615384615384