0 0.5865384615384616 0.8677884615384616 0.15384615384615385 0.05048076923076923
0 0.48677884615384615 0.7668269230769231 0.16826923076923078 0.04807692307692308
0 0.5072115384615384 0.5901442307692307 0.1346153846153846 0.03365384615384615
0 0.5348557692307693 0.42788461538461536 0.15144230769230768 0.04807692307692308
0 0.39302884615384615 0.6454326923076923 0.1346153846153846 0.03365384615384615
0 0.4266826923076923 0.6129807692307693 0.13221153846153846 0.03365384615384615
0 0.3798076923076923 0.4723557692307692 0.13942307692307693 0.038461538461538464
0 0.3473557692307692 0.4963942307692308 0.14423076923076922 0.040865384615384616
0 0.3581730769230769 0.453125 0.14423076923076922 0.026442307692307692
0 0.4266826923076923 0.14423076923076922 0.15384615384615385 0.04807692307692308
0 0.41346153846153844 0.15745192307692307 0.14903846153846154 0.03365384615384615
2 0.47475961538461536 0.6694711538461539 0.04807692307692308 0.02403846153846154