0 0.07932692307692307 0.36899038461538464 0.03245192307692308 0.12379807692307693
0 0.14903846153846154 0.38341346153846156 0.027644230769230768 0.11899038461538461
0 0.16346153846153846 0.5625 0.04567307692307692 0.15504807692307693
0 0.28725961538461536 0.24879807692307693 0.027644230769230768 0.09254807692307693
0 0.39663461538461536 0.4495192307692308 0.03365384615384615 0.11899038461538461
0 0.6862980769230769 0.29447115384615385 0.03125 0.11057692307692307
0 0.6899038461538461 0.5997596153846154 0.04447115384615385 0.1466346153846154
0 0.7151442307692307 0.8064903846153846 0.055288461538461536 0.17668269230769232
0 0.7463942307692307 0.6045673076923077 0.037259615384615384 0.14302884615384615
1 0.019230769230769232 0.5192307692307693 0.037259615384615384 0.13221153846153846
2 0.4170673076923077 0.3798076923076923 0.020432692307692308 0.037259615384615384