0 0.038461538461538464 0.6081730769230769 0.03245192307692308 0.11057692307692307
0 0.3545673076923077 0.7536057692307693 0.05048076923076923 0.12620192307692307
0 0.39663461538461536 0.5673076923076923 0.042067307692307696 0.109375
0 0.4579326923076923 0.8798076923076923 0.054086538461538464 0.14903846153846154
0 0.6298076923076923 0.6706730769230769 0.056490384615384616 0.12620192307692307
0 0.4519230769230769 0.2848557692307692 0.03365384615384615 0.0829326923076923
0 0.5480769230769231 0.1502403846153846 0.028846153846153848 0.08774038461538461
0 0.5504807692307693 0.08533653846153846 0.02403846153846154 0.06490384615384616
0 0.5721153846153846 0.07692307692307693 0.021634615384615384 0.06610576923076923
0 0.6947115384615384 0.22596153846153846 0.030048076923076924 0.09495192307692307
0 0.4387019230769231 0.23197115384615385 0.021634615384615384 0.0829326923076923
0 0.7319711538461539 0.7079326923076923 0.026442307692307692 0.13221153846153846
0 0.7103365384615384 0.6947115384615384 0.03245192307692308 0.11899038461538461
0 0.020432692307692308 0.07091346153846154 0.020432692307692308 0.08052884615384616
0 0.0733173076923077 0.04807692307692308 0.02403846153846154 0.07451923076923077
1 0.2692307692307692 0.296875 0.03485576923076923 0.09615384615384616
2 0.6995192307692307 0.609375 0.018028846153846152 0.03245192307692308