0 0.9242788461538461 0.609375 0.040865384615384616 0.1466346153846154
0 0.7620192307692307 0.3798076923076923 0.03365384615384615 0.12860576923076922
0 0.7103365384615384 0.32211538461538464 0.038461538461538464 0.11899038461538461
0 0.5709134615384616 0.4098557692307692 0.027644230769230768 0.13341346153846154
0 0.5300480769230769 0.35216346153846156 0.038461538461538464 0.12379807692307693
0 0.4879807692307692 0.40625 0.04326923076923077 0.13221153846153846
0 0.4254807692307692 0.41586538461538464 0.03245192307692308 0.11778846153846154
0 0.5372596153846154 0.5709134615384616 0.037259615384615384 0.14182692307692307
0 0.5829326923076923 0.5192307692307693 0.05889423076923077 0.11658653846153846
0 0.7391826923076923 0.5576923076923077 0.037259615384615384 0.13221153846153846
0 0.21995192307692307 0.7331730769230769 0.042067307692307696 0.1778846153846154
0 0.23197115384615385 0.6478365384615384 0.027644230769230768 0.15985576923076922
0 0.2932692307692308 0.5300480769230769 0.04567307692307692 0.1502403846153846
0 0.3894230769230769 0.5144230769230769 0.036057692307692304 0.13942307692307693
0 0.38100961538461536 0.45552884615384615 0.036057692307692304 0.12259615384615384
0 0.17307692307692307 0.37259615384615385 0.038461538461538464 0.12740384615384615
1 0.6838942307692307 0.65625 0.030048076923076924 0.1622596153846154
2 0.7067307692307693 0.5997596153846154 0.021634615384615384 0.03365384615384615