0 0.6971153846153846 0.2704326923076923 0.03125 0.08774038461538461
0 0.45913461538461536 0.3112980769230769 0.025240384615384616 0.09975961538461539
0 0.5480769230769231 0.42788461538461536 0.030048076923076924 0.11538461538461539
0 0.5829326923076923 0.5348557692307693 0.037259615384615384 0.13942307692307693
0 0.7920673076923077 0.5637019230769231 0.037259615384615384 0.12860576923076922
0 0.7668269230769231 0.38822115384615385 0.028846153846153848 0.109375
0 0.8004807692307693 0.4014423076923077 0.027644230769230768 0.10336538461538461
0 0.4326923076923077 0.34134615384615385 0.025240384615384616 0.09735576923076923
0 0.24519230769230768 0.3786057692307692 0.028846153846153848 0.11057692307692307
0 0.2512019230769231 0.5096153846153846 0.039663461538461536 0.12740384615384615
0 0.21754807692307693 0.6322115384615384 0.027644230769230768 0.13701923076923078
0 0.24278846153846154 0.6646634615384616 0.040865384615384616 0.12620192307692307
0 0.421875 0.8401442307692307 0.04567307692307692 0.15985576923076922
1 0.6959134615384616 0.49158653846153844 0.037259615384615384 0.12740384615384615
2 0.4699519230769231 0.25240384615384615 0.016826923076923076 0.028846153846153848