0 0.9639423076923077 0.45552884615384615 0.06490384615384616 0.1778846153846154
0 0.6165865384615384 0.5168269230769231 0.04326923076923077 0.16105769230769232
0 0.4963942307692308 0.5108173076923077 0.040865384615384616 0.15144230769230768
0 0.18629807692307693 0.5576923076923077 0.08173076923076923 0.14423076923076922
0 0.2644230769230769 0.5120192307692307 0.038461538461538464 0.14903846153846154
0 0.3401442307692308 0.4026442307692308 0.055288461538461536 0.12980769230769232
0 0.4254807692307692 0.41586538461538464 0.057692307692307696 0.12740384615384615
0 0.4483173076923077 0.4567307692307692 0.04326923076923077 0.1201923076923077
0 0.5432692307692307 0.3858173076923077 0.04326923076923077 0.12740384615384615
0 0.5721153846153846 0.4182692307692308 0.05048076923076923 0.12980769230769232
2 0.30408653846153844 0.4074519230769231 0.02403846153846154 0.03365384615384615