0 0.2704326923076923 0.30408653846153844 0.08653846153846154 0.028846153846153848
0 0.3112980769230769 0.5240384615384616 0.10096153846153846 0.028846153846153848
0 0.3329326923076923 0.5745192307692307 0.10576923076923077 0.03365384615384615
0 0.3762019230769231 0.75 0.11538461538461539 0.028846153846153848
0 0.5 0.7740384615384616 0.1346153846153846 0.038461538461538464
0 0.6225961538461539 0.8016826923076923 0.1346153846153846 0.03365384615384615
0 0.65625 0.7740384615384616 0.13701923076923078 0.03125
0 0.8341346153846154 0.6009615384615384 0.16826923076923078 0.04807692307692308
0 0.43028846153846156 0.45072115384615385 0.11057692307692307 0.03365384615384615
0 0.5408653846153846 0.42427884615384615 0.125 0.040865384615384616
0 0.5516826923076923 0.22355769230769232 0.13701923076923078 0.04326923076923077
0 0.3762019230769231 0.22596153846153846 0.09615384615384616 0.03125
0 0.3786057692307692 0.19110576923076922 0.09615384615384616 0.019230769230769232
1 0.47596153846153844 0.3088942307692308 0.12259615384615384 0.038461538461538464