0 0.15384615384615385 0.3870192307692308 0.054086538461538464 0.11899038461538461
0 0.4375 0.5132211538461539 0.06129807692307692 0.109375
0 0.1935096153846154 0.7079326923076923 0.04326923076923077 0.15504807692307693
0 0.5637019230769231 0.6213942307692307 0.051682692307692304 0.16105769230769232
0 0.5384615384615384 0.4675480769230769 0.04567307692307692 0.13942307692307693
0 0.6947115384615384 0.43509615384615385 0.04567307692307692 0.1141826923076923
0 0.7139423076923077 0.5685096153846154 0.04567307692307692 0.12860576923076922
0 0.765625 0.35336538461538464 0.038461538461538464 0.09975961538461539
0 0.8040865384615384 0.4254807692307692 0.04807692307692308 0.1346153846153846
0 0.9435096153846154 0.42788461538461536 0.052884615384615384 0.13701923076923078
0 0.7512019230769231 0.5492788461538461 0.037259615384615384 0.14302884615384615
2 0.47475961538461536 0.6358173076923077 0.02403846153846154 0.03365384615384615