0 0.21995192307692307 0.1310096153846154 0.1201923076923077 0.028846153846153848
0 0.18389423076923078 0.5252403846153846 0.08653846153846154 0.038461538461538464
0 0.3942307692307692 0.4411057692307692 0.12980769230769232 0.036057692307692304
0 0.6526442307692307 0.3557692307692308 0.13221153846153846 0.052884615384615384
0 0.6742788461538461 0.3137019230769231 0.125 0.04807692307692308
0 0.5228365384615384 0.6971153846153846 0.14903846153846154 0.04326923076923077
0 0.8233173076923077 0.8149038461538461 0.16346153846153846 0.036057692307692304
0 0.30288461538461536 0.7391826923076923 0.11538461538461539 0.038461538461538464
0 0.05889423076923077 0.7620192307692307 0.08653846153846154 0.026442307692307692
0 0.2932692307692308 0.6189903846153846 0.10576923076923077 0.028846153846153848
0 0.3629807692307692 0.9435096153846154 0.12980769230769232 0.038461538461538464
0 0.1935096153846154 0.9375 0.10576923076923077 0.03365384615384615
0 0.18990384615384615 0.9783653846153846 0.0985576923076923 0.03365384615384615
1 0.46153846153846156 0.8257211538461539 0.1346153846153846 0.04567307692307692
2 0.6838942307692307 0.09615384615384616 0.036057692307692304 0.021634615384615384