0 0.5168269230769231 0.6682692307692307 0.11057692307692307 0.02403846153846154
0 0.4891826923076923 0.6394230769230769 0.08653846153846154 0.03365384615384615
0 0.23317307692307693 0.48197115384615385 0.07932692307692307 0.02403846153846154
0 0.27163461538461536 0.45913461538461536 0.07692307692307693 0.040865384615384616
0 0.3329326923076923 0.41346153846153844 0.09615384615384616 0.028846153846153848
0 0.3641826923076923 0.3870192307692308 0.09615384615384616 0.026442307692307692
0 0.43149038461538464 0.36778846153846156 0.10817307692307693 0.038461538461538464
0 0.5300480769230769 0.25240384615384615 0.1346153846153846 0.03365384615384615
0 0.6622596153846154 0.14903846153846154 0.1201923076923077 0.05048076923076923
0 0.7908653846153846 0.25961538461538464 0.13221153846153846 0.057692307692307696
0 0.9507211538461539 0.06490384615384616 0.0985576923076923 0.06971153846153846
0 0.7163461538461539 0.46875 0.12980769230769232 0.04326923076923077
0 0.5697115384615384 0.44711538461538464 0.10576923076923077 0.028846153846153848
0 0.4699519230769231 0.4519230769230769 0.09615384615384616 0.02403846153846154
0 0.4375 0.4338942307692308 0.10336538461538461 0.028846153846153848
0 0.5480769230769231 0.40384615384615385 0.11538461538461539 0.03365384615384615
1 0.39903846153846156 0.6538461538461539 0.10336538461538461 0.036057692307692304
2 0.5564903846153846 0.640625 0.026442307692307692 0.014423076923076924