0 0.40384615384615385 0.7644230769230769 0.13701923076923078 0.03365384615384615
0 0.5276442307692307 0.7151442307692307 0.13221153846153846 0.040865384615384616
0 0.6574519230769231 0.7728365384615384 0.14423076923076922 0.038461538461538464
0 0.6899038461538461 0.7355769230769231 0.14182692307692307 0.028846153846153848
0 0.8629807692307693 0.5552884615384616 0.15865384615384615 0.04326923076923077
0 0.546875 0.4423076923076923 0.12740384615384615 0.038461538461538464
0 0.4567307692307692 0.4723557692307692 0.11538461538461539 0.03365384615384615
0 0.2439903846153846 0.39302884615384615 0.08173076923076923 0.03365384615384615
0 0.3293269230769231 0.6165865384615384 0.09615384615384616 0.028846153846153848
0 0.3016826923076923 0.5961538461538461 0.09134615384615384 0.028846153846153848
0 0.5889423076923077 0.20673076923076922 0.1466346153846154 0.038461538461538464
0 0.4266826923076923 0.2403846153846154 0.09615384615384616 0.03365384615384615
0 0.44350961538461536 0.1971153846153846 0.10576923076923077 0.03365384615384615
1 0.5204326923076923 0.328125 0.13221153846153846 0.03365384615384615
2 0.21995192307692307 0.5757211538461539 0.028846153846153848 0.014423076923076924