0 0.5444711538461539 0.9639423076923077 0.1778846153846154 0.06490384615384616
0 0.4831730769230769 0.6165865384615384 0.16105769230769232 0.04326923076923077
0 0.4891826923076923 0.4963942307692308 0.15144230769230768 0.040865384615384616
0 0.4423076923076923 0.18629807692307693 0.14423076923076922 0.08173076923076923
0 0.4879807692307692 0.2644230769230769 0.14903846153846154 0.038461538461538464
0 0.5973557692307693 0.3401442307692308 0.12980769230769232 0.055288461538461536
0 0.5841346153846154 0.4254807692307692 0.12740384615384615 0.057692307692307696
0 0.5432692307692307 0.4483173076923077 0.1201923076923077 0.04326923076923077
0 0.6141826923076923 0.5432692307692307 0.12740384615384615 0.04326923076923077
0 0.5817307692307693 0.5721153846153846 0.12980769230769232 0.05048076923076923
2 0.5925480769230769 0.30408653846153844 0.03365384615384615 0.02403846153846154