0 0.23197115384615385 0.8822115384615384 0.039663461538461536 0.13701923076923078
0 0.3894230769230769 0.8689903846153846 0.037259615384615384 0.13581730769230768
0 0.5168269230769231 0.7920673076923077 0.03485576923076923 0.1346153846153846
0 0.5685096153846154 0.5757211538461539 0.027644230769230768 0.11298076923076923
0 0.6887019230769231 0.5817307692307693 0.03245192307692308 0.11298076923076923
0 0.7584134615384616 0.5300480769230769 0.042067307692307696 0.1045673076923077
0 0.7331730769230769 0.6334134615384616 0.03245192307692308 0.10576923076923077
0 0.6225961538461539 0.41346153846153844 0.030048076923076924 0.09014423076923077
0 0.6033653846153846 0.36778846153846156 0.025240384615384616 0.0733173076923077
0 0.8004807692307693 0.2932692307692308 0.027644230769230768 0.07932692307692307
0 0.3701923076923077 0.31971153846153844 0.02403846153846154 0.0889423076923077
0 0.36899038461538464 0.3954326923076923 0.027644230769230768 0.07932692307692307
0 0.40865384615384615 0.41586538461538464 0.025240384615384616 0.0889423076923077
1 0.21153846153846154 0.5324519230769231 0.037259615384615384 0.10576923076923077
2 0.4723557692307692 0.40024038461538464 0.019230769230769232 0.025240384615384616