0 0.39903846153846156 0.35096153846153844 0.037259615384615384 0.09014423076923077
0 0.33052884615384615 0.2932692307692308 0.036057692307692304 0.078125
0 0.4567307692307692 0.1971153846153846 0.03245192307692308 0.07932692307692307
0 0.4951923076923077 0.16466346153846154 0.025240384615384616 0.0625
0 0.6225961538461539 0.3137019230769231 0.03485576923076923 0.09134615384615384
0 0.5012019230769231 0.6021634615384616 0.040865384615384616 0.12139423076923077
0 0.31490384615384615 0.7548076923076923 0.04807692307692308 0.12860576923076922
0 0.4699519230769231 0.7800480769230769 0.04807692307692308 0.12740384615384615
0 0.5733173076923077 0.7800480769230769 0.07451923076923077 0.06129807692307692
0 0.6682692307692307 0.6057692307692307 0.04447115384615385 0.10096153846153846
0 0.6923076923076923 0.7103365384615384 0.04567307692307692 0.12620192307692307
1 0.21033653846153846 0.3641826923076923 0.039663461538461536 0.09495192307692307
2 0.7115384615384616 0.6382211538461539 0.016826923076923076 0.02403846153846154