0 0.9002403846153846 0.8677884615384616 0.04807692307692308 0.15264423076923078
0 0.7992788461538461 0.6225961538461539 0.039663461538461536 0.13701923076923078
0 0.703125 0.7536057692307693 0.039663461538461536 0.13341346153846154
0 0.3269230769230769 0.7668269230769231 0.04567307692307692 0.1466346153846154
0 0.2608173076923077 0.5240384615384616 0.03245192307692308 0.11057692307692307
0 0.31009615384615385 0.5420673076923077 0.027644230769230768 0.11658653846153846
0 0.4050480769230769 0.2776442307692308 0.026442307692307692 0.09975961538461539
0 0.4483173076923077 0.26802884615384615 0.020432692307692308 0.052884615384615384
0 0.45913461538461536 0.328125 0.027644230769230768 0.09975961538461539
0 0.5048076923076923 0.3737980769230769 0.03365384615384615 0.0889423076923077
0 0.5552884615384616 0.4326923076923077 0.03245192307692308 0.11778846153846154
0 0.6213942307692307 0.5024038461538461 0.040865384615384616 0.12259615384615384
0 0.4266826923076923 0.4375 0.030048076923076924 0.10336538461538461
0 0.4651442307692308 0.5384615384615384 0.03125 0.10096153846153846
0 0.4495192307692308 0.4387019230769231 0.021634615384615384 0.051682692307692304
0 0.45552884615384615 0.4807692307692308 0.025240384615384616 0.05048076923076923
1 0.19831730769230768 0.38822115384615385 0.028846153846153848 0.0985576923076923
2 0.48677884615384615 0.45072115384615385 0.016826923076923076 0.026442307692307692