0 0.08413461538461539 0.2247596153846154 0.14423076923076922 0.040865384615384616
0 0.12379807692307693 0.3858173076923077 0.14903846153846154 0.038461538461538464
0 0.2091346153846154 0.5685096153846154 0.14423076923076922 0.040865384615384616
0 0.30528846153846156 0.8040865384615384 0.12740384615384615 0.03365384615384615
0 0.6742788461538461 0.78125 0.08413461538461539 0.028846153846153848
0 0.49038461538461536 0.765625 0.11538461538461539 0.038461538461538464
0 0.44711538461538464 0.7079326923076923 0.125 0.03365384615384615
0 0.4326923076923077 0.5384615384615384 0.11778846153846154 0.036057692307692304
0 0.5516826923076923 0.6538461538461539 0.10576923076923077 0.03365384615384615
0 0.625 0.6201923076923077 0.07692307692307693 0.028846153846153848
0 0.5865384615384616 0.48677884615384615 0.08413461538461539 0.038461538461538464
0 0.5997596153846154 0.42427884615384615 0.09134615384615384 0.028846153846153848
0 0.6466346153846154 0.37259615384615385 0.09615384615384616 0.028846153846153848
1 0.47716346153846156 0.2127403846153846 0.10576923076923077 0.038461538461538464
2 0.6177884615384616 0.37259615384615385 0.019230769230769232 0.01201923076923077