0 0.13221153846153846 0.5865384615384616 0.05048076923076923 0.15264423076923078
0 0.23317307692307693 0.48677884615384615 0.04807692307692308 0.16826923076923078
0 0.4098557692307692 0.5072115384615384 0.03485576923076923 0.13341346153846154
0 0.5721153846153846 0.5348557692307693 0.04807692307692308 0.15144230769230768
0 0.3545673076923077 0.39302884615384615 0.03245192307692308 0.13581730769230768
0 0.3870192307692308 0.4266826923076923 0.03245192307692308 0.13221153846153846
0 0.5276442307692307 0.3798076923076923 0.038461538461538464 0.140625
0 0.5036057692307693 0.3473557692307692 0.040865384615384616 0.14543269230769232
0 0.546875 0.3581730769230769 0.026442307692307692 0.14302884615384615
0 0.8557692307692307 0.4266826923076923 0.046875 0.15504807692307693
0 0.8425480769230769 0.41346153846153844 0.03485576923076923 0.1502403846153846
2 0.33052884615384615 0.47475961538461536 0.02403846153846154 0.046875