0 0.9170673076923077 0.06370192307692307 0.14903846153846154 0.0673076923076923
0 0.6334134615384616 0.171875 0.12259615384615384 0.04567307692307692
0 0.7620192307692307 0.26322115384615385 0.13942307692307693 0.04807692307692308
0 0.7271634615384616 0.5733173076923077 0.11778846153846154 0.04807692307692308
0 0.5168269230769231 0.6490384615384616 0.10817307692307693 0.03365384615384615
0 0.5216346153846154 0.6766826923076923 0.10817307692307693 0.028846153846153848
0 0.2548076923076923 0.5252403846153846 0.08653846153846154 0.03365384615384615
0 0.27403846153846156 0.4879807692307692 0.08173076923076923 0.026442307692307692
0 0.3269230769230769 0.47115384615384615 0.09615384615384616 0.021634615384615384
0 0.36899038461538464 0.42788461538461536 0.09134615384615384 0.028846153846153848
0 0.4266826923076923 0.39783653846153844 0.10576923076923077 0.04567307692307692
0 0.5132211538461539 0.3112980769230769 0.1346153846153846 0.04326923076923077
0 0.5480769230769231 0.49278846153846156 0.10576923076923077 0.03365384615384615
0 0.5264423076923077 0.4543269230769231 0.10576923076923077 0.03125
0 0.46033653846153844 0.48677884615384615 0.0985576923076923 0.02403846153846154
1 0.3894230769230769 0.7259615384615384 0.10576923076923077 0.026442307692307692
2 0.49158653846153844 0.5961538461538461 0.03365384615384615 0.019230769230769232