0 0.8689903846153846 0.21995192307692307 0.028846153846153848 0.1201923076923077
0 0.47475961538461536 0.18389423076923078 0.038461538461538464 0.08653846153846154
0 0.5588942307692307 0.3942307692307692 0.036057692307692304 0.12980769230769232
0 0.6442307692307693 0.6526442307692307 0.052884615384615384 0.13221153846153846
0 0.6862980769230769 0.6742788461538461 0.04807692307692308 0.125
0 0.30288461538461536 0.5228365384615384 0.04326923076923077 0.14903846153846154
0 0.18509615384615385 0.8233173076923077 0.036057692307692304 0.16346153846153846
0 0.2608173076923077 0.30288461538461536 0.038461538461538464 0.11538461538461539
0 0.23798076923076922 0.05889423076923077 0.026442307692307692 0.08653846153846154
0 0.38100961538461536 0.2932692307692308 0.028846153846153848 0.10576923076923077
0 0.056490384615384616 0.3629807692307692 0.038461538461538464 0.12980769230769232
0 0.0625 0.1935096153846154 0.03365384615384615 0.10576923076923077
0 0.021634615384615384 0.18990384615384615 0.03365384615384615 0.0985576923076923
1 0.17427884615384615 0.46153846153846156 0.04567307692307692 0.1346153846153846
2 0.9038461538461539 0.6838942307692307 0.021634615384615384 0.036057692307692304