0 0.7295673076923077 0.6971153846153846 0.08653846153846154 0.03125
0 0.6887019230769231 0.45913461538461536 0.10096153846153846 0.02403846153846154
0 0.5721153846153846 0.5480769230769231 0.11538461538461539 0.028846153846153848
0 0.4651442307692308 0.5829326923076923 0.13942307692307693 0.038461538461538464
0 0.4362980769230769 0.7920673076923077 0.12980769230769232 0.038461538461538464
0 0.6117788461538461 0.7668269230769231 0.11057692307692307 0.028846153846153848
0 0.5985576923076923 0.8004807692307693 0.10336538461538461 0.028846153846153848
0 0.6586538461538461 0.4326923076923077 0.09615384615384616 0.02403846153846154
0 0.6213942307692307 0.24519230769230768 0.11057692307692307 0.028846153846153848
0 0.49038461538461536 0.2512019230769231 0.12740384615384615 0.038461538461538464
0 0.36778846153846156 0.21754807692307693 0.13701923076923078 0.028846153846153848
0 0.33533653846153844 0.24278846153846154 0.125 0.040865384615384616
0 0.15985576923076922 0.421875 0.15865384615384615 0.04567307692307692
1 0.5084134615384616 0.6959134615384616 0.12740384615384615 0.038461538461538464
2 0.7475961538461539 0.4699519230769231 0.028846153846153848 0.016826923076923076