0 0.8677884615384616 0.5733173076923077 0.04567307692307692 0.13701923076923078
0 0.9206730769230769 0.35336538461538464 0.052884615384615384 0.14423076923076922
0 0.8052884615384616 0.2980769230769231 0.04326923076923077 0.12980769230769232
0 0.6598557692307693 0.38822115384615385 0.040865384615384616 0.14423076923076922
0 0.5841346153846154 0.3317307692307692 0.03365384615384615 0.125
0 0.5384615384615384 0.3858173076923077 0.038461538461538464 0.13221153846153846
0 0.6129807692307693 0.4891826923076923 0.05048076923076923 0.1201923076923077
0 0.4831730769230769 0.3858173076923077 0.040865384615384616 0.1201923076923077
0 0.4423076923076923 0.4855769230769231 0.040865384615384616 0.14423076923076922
0 0.33774038461538464 0.5096153846153846 0.04326923076923077 0.15384615384615385
0 0.29927884615384615 0.6995192307692307 0.040865384615384616 0.17307692307692307
0 0.27403846153846156 0.640625 0.04807692307692308 0.16346153846153846
0 0.25240384615384615 0.35216346153846156 0.038461538461538464 0.13942307692307693
0 0.5480769230769231 0.5661057692307693 0.052884615384615384 0.14423076923076922
0 0.43509615384615385 0.44591346153846156 0.028846153846153848 0.13942307692307693
1 0.7740384615384616 0.6358173076923077 0.03365384615384615 0.16105769230769232
2 0.5769230769230769 0.6550480769230769 0.02403846153846154 0.040865384615384616