0 0.6959134615384616 0.2704326923076923 0.027644230769230768 0.08774038461538461
0 0.47596153846153844 0.3112980769230769 0.027644230769230768 0.09975961538461539
0 0.4254807692307692 0.3329326923076923 0.03245192307692308 0.1045673076923077
0 0.25 0.3762019230769231 0.030048076923076924 0.1141826923076923
0 0.22596153846153846 0.5 0.039663461538461536 0.13341346153846154
0 0.19831730769230768 0.6225961538461539 0.03245192307692308 0.13341346153846154
0 0.22596153846153846 0.65625 0.03125 0.13701923076923078
0 0.39903846153846156 0.8341346153846154 0.04807692307692308 0.16826923076923078
0 0.5492788461538461 0.43028846153846156 0.03485576923076923 0.11057692307692307
0 0.5757211538461539 0.5408653846153846 0.040865384615384616 0.12620192307692307
0 0.7764423076923077 0.5516826923076923 0.04326923076923077 0.13701923076923078
0 0.7740384615384616 0.3762019230769231 0.03125 0.09735576923076923
0 0.8088942307692307 0.3786057692307692 0.020432692307692308 0.09735576923076923
1 0.6911057692307693 0.47596153846153844 0.038461538461538464 0.12259615384615384