0 0.24639423076923078 0.3786057692307692 0.038461538461538464 0.1141826923076923
0 0.27884615384615385 0.5060096153846154 0.03485576923076923 0.13341346153846154
0 0.23677884615384615 0.6358173076923077 0.03365384615384615 0.14302884615384615
0 0.2644230769230769 0.6670673076923077 0.03485576923076923 0.14182692307692307
0 0.44471153846153844 0.8533653846153846 0.037259615384615384 0.15384615384615385
0 0.6838942307692307 0.2620192307692308 0.03245192307692308 0.09134615384615384
0 0.7668269230769231 0.40384615384615385 0.03245192307692308 0.09735576923076923
0 0.8088942307692307 0.40865384615384615 0.027644230769230768 0.10336538461538461
0 0.8088942307692307 0.5625 0.036057692307692304 0.14423076923076922
0 0.5865384615384616 0.5372596153846154 0.030048076923076924 0.1346153846153846
0 0.5492788461538461 0.4411057692307692 0.03245192307692308 0.11899038461538461
0 0.4423076923076923 0.33653846153846156 0.03125 0.09735576923076923
0 0.43149038461538464 0.29086538461538464 0.019230769230769232 0.052884615384615384
1 0.6971153846153846 0.5 0.03245192307692308 0.1310096153846154
2 0.4543269230769231 0.1971153846153846 0.014423076923076924 0.026442307692307692