0 0.6117788461538461 0.04807692307692308 0.11538461538461539 0.04807692307692308
0 0.24879807692307693 0.17908653846153846 0.16105769230769232 0.04326923076923077
0 0.4795673076923077 0.39903846153846156 0.12259615384615384 0.057692307692307696
0 0.5252403846153846 0.5060096153846154 0.1346153846153846 0.052884615384615384
0 0.5480769230769231 0.6057692307692307 0.14423076923076922 0.04326923076923077
0 0.3557692307692308 0.5396634615384616 0.1466346153846154 0.055288461538461536
0 0.6538461538461539 0.734375 0.10336538461538461 0.038461538461538464
0 0.5889423076923077 0.7680288461538461 0.12259615384615384 0.04326923076923077
0 0.5853365384615384 0.875 0.1346153846153846 0.038461538461538464
0 0.45072115384615385 0.7572115384615384 0.13221153846153846 0.05048076923076923
0 0.4170673076923077 0.6875 0.11538461538461539 0.04326923076923077
2 0.38221153846153844 0.6658653846153846 0.028846153846153848 0.014423076923076924