0 0.39903846153846156 0.7524038461538461 0.10336538461538461 0.026442307692307692
0 0.4423076923076923 0.6730769230769231 0.11538461538461539 0.040865384615384616
0 0.375 0.6177884615384616 0.0889423076923077 0.03365384615384615
0 0.4567307692307692 0.6153846153846154 0.11057692307692307 0.03365384615384615
0 0.48197115384615385 0.5985576923076923 0.11057692307692307 0.02403846153846154
0 0.3762019230769231 0.5685096153846154 0.10576923076923077 0.028846153846153848
0 0.36778846153846156 0.4879807692307692 0.04326923076923077 0.04807692307692308
0 0.39903846153846156 0.43990384615384615 0.125 0.02403846153846154
0 0.28846153846153844 0.39783653846153844 0.0889423076923077 0.03365384615384615
0 0.2824519230769231 0.35336538461538464 0.0985576923076923 0.03365384615384615
0 0.3173076923076923 0.2644230769230769 0.10576923076923077 0.03125
0 0.36658653846153844 0.234375 0.11538461538461539 0.03365384615384615
0 0.5432692307692307 0.3329326923076923 0.1466346153846154 0.03365384615384615
0 0.7572115384615384 0.21995192307692307 0.15865384615384615 0.052884615384615384
1 0.4483173076923077 0.051682692307692304 0.12259615384615384 0.03365384615384615
2 0.31971153846153844 0.5396634615384616 0.02403846153846154 0.016826923076923076