0 0.390625 0.9242788461538461 0.1466346153846154 0.040865384615384616
0 0.6201923076923077 0.7620192307692307 0.12980769230769232 0.03365384615384615
0 0.6778846153846154 0.7103365384615384 0.1201923076923077 0.038461538461538464
0 0.5901442307692307 0.5709134615384616 0.1346153846153846 0.028846153846153848
0 0.6478365384615384 0.5300480769230769 0.125 0.038461538461538464
0 0.59375 0.4879807692307692 0.13221153846153846 0.04326923076923077
0 0.5841346153846154 0.4254807692307692 0.11778846153846154 0.03365384615384615
0 0.42908653846153844 0.5372596153846154 0.14182692307692307 0.038461538461538464
0 0.4807692307692308 0.5829326923076923 0.11538461538461539 0.057692307692307696
0 0.4423076923076923 0.7391826923076923 0.13221153846153846 0.038461538461538464
0 0.2668269230769231 0.21995192307692307 0.1778846153846154 0.04326923076923077
0 0.35216346153846156 0.23197115384615385 0.15865384615384615 0.028846153846153848
0 0.4699519230769231 0.2932692307692308 0.14903846153846154 0.04567307692307692
0 0.4855769230769231 0.3894230769230769 0.13942307692307693 0.036057692307692304
0 0.5444711538461539 0.38100961538461536 0.12259615384615384 0.036057692307692304
0 0.6274038461538461 0.17307692307692307 0.12740384615384615 0.038461538461538464
1 0.34375 0.6838942307692307 0.16346153846153846 0.028846153846153848
2 0.40024038461538464 0.7067307692307693 0.03365384615384615 0.021634615384615384